82, -50
76, 89
95, -43
-66, -63
85, -47
-61, 26
-28, 65
-63, 49
-80, 85
54, -84
22, -63
-64, -50
78, -47
-92, -8
21, -56
-39, 72
30, 33
-48, 75
53, -66
35, 86
48, -58
-57, 50
-86, -64
-57, -50
68, -10
6, 14
50, 54
33, -79
72, 98
-49, 17
39, -57
29, -100
97, 98
18, -73
20, -10
-12, 49
14, 75
-74, 93
-35, -24
87, 50
-55, -95
95, -11
89, 83
72, -74
31, 84
55, 24
1, 56
53, -95
37, -1
71, 89
-80, 10
-42, -40
27, 27
-100, -64
82, 44
20, 50
26, -96
76, -12
15, -57
-6, -48
-81, 21
32, 47
55, 81
77, 76
-65, 58
18, 86
36, -67
-59, 21
-5, 36
-51, -98
13, 89
68, 41
-21, 81
-94, 32
-81, 3
-93, 74
-68, -1
87, -83
-20, 51
49, 9
36, -87
-49, 49
21, 61
-74, 37
2, -63
-26, 11
-47, 91
41, 69
24, 7
92, 11
14, -98
-41, -47
19, 24
-33, -53
-36, 69
-99, 4
79, 79
59, 47
-1, -61
-86, -12
-51, -9
-13, 76
-93, -83
-16, -24
86, -3
30, -5
-33, 57
-30, -63
-66, -78
29, -65
-83, -23
-67, -71
-20, 31
-39, -78
45, -59
-64, -42
78, -24
31, 60
87, -28
61, -9
15, 89
53, -36
0, 51
8, 45
43, -93
-100, 60
-63, 59
-67, -77
47, 31
37, 24
61, 55
-45, 31
-85, -31
14, 55
0, 59
-83, 6
-95, -82
-4, 40
35, -50
-28, 11
-43, 53
-40, 22
-4, -48
56, -80
-36, 26
-4, 12
32, -28
-49, -62
-9, -50
13, -47
43, 47
-78, 81
47, -33
0, 61
-68, 22
-4, 45
-40, -10
-2, 73
-20, -13
36, -70
-48, -29
-30, -69
-19, -39
23, 4
-42, 75
87, 47
-84, 91
8, 99
45, -38
-68, -58
88, -16
-13, 72
-64, -79
65, 18
59, -63
-61, -27
-27, -16
-55, 79
38, -47
-79, -39
44, 36
-88, 20
-98, -45
-83, 49
-49, -22
-76, -25
-21, -24
-84, -65
-39, 82
78, 76
-43, 30
82, 23
65, -4
88, 47
-25, -79
-49, -36
-66, 45
-19, -92
52, -97
-55, -93
37, -75
-7, 97
-52, 16
-24, 36
88, 84
-9, -59
69, 74
23, 43
-8, 20
-50, -92
14, 67
-58, -13
-23, -28
-48, 42
1, 25
-16, -23
99, 11
29, -9
88, 77
-1, -27
92, -4
77, 90
-8, 43
67, -79
-73, -53
60, -97
-38, -8
-78, 8
49, -34
39, 41
-9, -78
54, -64
72, 37
35, -41
98, 19
-76, 24
-99, 34
-53, -30
-33, 38
81, -38
-96, 97
16, 69
80, 72
-35, 41
16, -55
40, 44
-68, -65
33, 92
26, 0
-95, 21
23, -34
82, -63
-73, 90
20, 25
22, 7
21, -70
40, -38
-36, 59
2, 87
59, -77
83, -66
22, 15
34, 13
-36, 9
-99, 7
49, 84
-21, -46
-3, -68
-9, -2
-83, 10
-79, 57
92, -67
10, 96
-11, 52
44, 24
-16, 80
77, 59
-65, -17
62, -35
-69, 11
84, 6
56, 97
9, 58
-7, 44
24, 4
-46, -86
-12, 9
49, -81
-85, 17
55, 13
28, -88
-56, 61
42, 50
-99, -57
-76, -66
-94, -50
-85, 49
-39, -17
47, -29
27, -41
-58, 23
62, -52
74, -93
-33, 76
14, -56
85, 66
53, 3
48, -89
-33, 26
-92, 36
-8, -94
86, 14
7, 93
-55, -37
0, -39
-83, 88
-2, 43
94, 53
25, 83
-60, 16
-41, 17
-28, 14
75, -27
58, -32
-49, 68
-95, 50
-58, -33
-87, 79
43, 45
-76, 64
87, -56
-83, -69
11, -51
-91, -24
83, 13
35, 71
51, 81
-8, -43
41, 10
76, 38
-26, 30
16, -44
50, -66
-23, -27
51, 53
21, -37
-38, 28
-82, 76
-70, -48
-64, 58
-10, -20
41, 61
45, -78
-68, -44
61, 29
41, 35
-55, -21
-27, -65
-56, -58
-4, 73
66, -33
-93, -80
60, 95
-74, 8
19, -2
-68, 37
-40, 38
-78, 51
-83, -1
-55, -76
-75, -75
52, 71
11, -90
-84, 98
-43, -40
50, -98
-28, -15
96, 17
51, -72
-36, -95
98, -23
90, 60
-50, -57
69, -3
30, 9
-70, 49
-19, 15
-7, -81
-97, 77
-15, 85
-15, -26
15, 63
-22, -76
-29, 43
72, -12
87, -88
56, -49
12, 69
62, -62
75, 54
60, 15
12, -24
51, -60
15, 22
36, -31
-27, 60
18, 32
9, 33
-74, -19
65, -71
69, 93
19, -32
-30, 18
-90, 83
20, 4
22, -79
-69, 4
-13, 47
-83, 74
71, -80
71, -66
-62, 19
-46, 19
36, -98
92, -24
70, -63
-64, -8
-3, 21
67, 89
68, -60
60, -79
13, -38
87, -67
75, -64
-43, -44
-1, 33
20, -9
-91, 70
-25, -36
-61, 84
82, -56
30, -19
-52, 73
24, -84
32, -58
-70, 42
-62, 54
-23, 53
43, 37
-40, -80
57, -51
11, 86
-18, -47
-61, -24
-84, -3
98, -90
2, 57
37, 90
-91, -76
25, 24
37, 77
-53, -15
26, -35
-40, -57
-12, 89
-66, -45
76, -53
-59, -78
11, 23
94, -34
-92, 43
-34, -31
-64, 88
6, -36
-25, -34
-5, -83
94, -93
-43, 63
1, 4
-26, 67
69, -4
-31, 53
58, -39
92, 33
84, -82
-69, -12
22, -13
58, 79
50, 41
39, 22
-18, 89
-78, -88
-98, 52
18, -18
-7, -51
-66, 6
59, 11
-84, -23
96, 83
1, -40
16, -54
-98, -10
-85, 39
91, -81
89, 55
-21, -50
-50, 66
91, -77
65, 99
-72, 20
64, -50
-12, -46
74, -23
45, 28
-40, -12
18, -22
57, 77
-61, 16
-96, 5
60, -30
-60, 46
61, -58
-20, -74
9, -4
-43, 45
1, 91
89, 1
85, 45
-98, -61
30, -45
-32, -6
19, -29
84, 30
21, -43
-70, -73
33, 85
85, -68
-70, -29
99, 79
-23, -25
84, -11
18, 63
97, -20
-44, 19
2, -67
44, 55
51, -80
46, 47
52, 55
-14, -38
-68, -29
97, 2
-73, -16
87, -70
-34, -90
-37, -40
-41, -82
74, -39
-43, -42
-86, -62
-52, 95
45, 90
-30, 11
14, 36
-99, -69
50, 75
57, -83
-44, 15
-18, -45
-4, -12
-52, -25
61, 89
-28, -94
57, -10
37, 60
20, -26
-16, 69
-86, -44
-32, -38
54, 74
-15, -12
-88, 61
-20, -22
89, 36
20, -42
14, -57
-64, -67
23, -75
5, -24
35, -51
-9, -72
-70, -2
-19, -58
86, 2
46, -16
-97, -99
67, 0
-62, 44
85, 8
93, 22
-95, -87
69, -75
-75, 47
-26, 28
-29, 60
88, -98
17, -10
79, 22
-18, -80
24, 10
-50, -72
96, 36
-30, -24
-20, -84
-43, 39
-38, 44
8, 89
-38, -100
67, -22
-91, 54
59, -45
-20, 57
-7, 1
-92, 18
-71, 35
47, 64
-78, 52
11, 96
62, 97
73, 23
79, 53
76, -58
28, -97
59, -89
-41, 77
-67, -2
-3, 34
56, 67
-47, 2
-2, -52
13, 47
30, 28
17, 30
74, 86
17, 11
97, 51
10, -46
29, 34
84, -3
64, 74
-41, -78
-47, -89
49, -6
-94, -9
7, 19
-51, 20
24, 80
-76, -24
11, -28
-25, -12
46, 54
10, 11
88, 87
-96, -86
72, -75
56, 37
67, 78
-86, 47
55, 18
99, 73
-24, 9
27, -94
84, 67
-57, 44
-20, 38
-40, -49
-55, -62
-48, 7
17, -15
-84, 9
5, -38
10, 83
-16, -44
72, -80
-26, 48
-98, -85
-90, 63
-46, 35
6, -62
-58, -51
9, -15
-56, 72
64, 59
-66, -31
-22, 68
-29, -98
-15, 12
-53, 8
51, -100
7, 65
-7, -76
-91, -67
-16, 32
39, -10
25, 57
-66, 31
-89, 79
99, -78
-75, -84
57, 44
-95, -76
-93, -34
-63, 9
-2, -49
-47, -85
58, 37
69, -92
74, 75
41, 97
78, -84
-69, -76
81, -58
82, 38
-4, 33
-11, -85
-10, 22
-30, 78
-66, -51
41, 99
95, 62
-11, -45
94, 73
23, -6
75, -62
-58, -12
82, 76
-57, 78
-43, 78
-44, -78
48, 50
88, -6
16, -91
80, 38
-83, -73
-6, -24
-29, -38
71, -79
-55, 75
-77, 36
-54, 40
-88, 47
-8, -3
-83, 19
-85, -11
-30, 9
-82, -3
83, -60
-17, -11
-49, 13
41, 80
-93, 17
72, 67
88, -80
-40, 18
62, -2
-94, -18
83, 76
-85, 27
61, 49
-21, -67
-49, 65
23, 74
83, -64
-4, 3
-84, -96
-7, 76
71, 29
-49, -69
-34, -62
-24, 85
48, 93
-8, 60
41, 93
-51, -4
97, -4
63, 61
75, 87
19, -5
44, 58
98, -31
-10, -32
-79, 5
-79, 56
13, 4
-19, -60
-12, 86
-99, 19
-37, -92
99, 70
-16, 30
-43, -32
-85, 57
41, 14
-50, 30
51, 22
53, 5
31, -13
84, -32
-100, 70
13, -76
56, 65
50, -54
34, -2
-28, 29
-40, -44
81, 35
29, -23
-84, -42
-74, -77
20, -19
58, 16
34, 51
28, -11
8, -71
-74, 43
-69, 87
-20, -42
13, -67
10, 56
-78, 80
-70, -69
-60, 1
94, 19
13, -17
-82, 1
-96, -44
-81, -36
-75, -83
25, 9
-97, -13
-54, -36
-52, -9
20, -65
0, 83
32, 23
-90, 91
-74, 6
69, 90
19, 18
-78, 96
13, -11
-88, -23
-51, -10
-72, 9
-55, 60
-81, 44
45, 3
43, 74
-91, 7
-31, 87
10, -75
62, 9
-17, -7
31, -78
71, -62
-48, -74
-2, 26
14, 38
-80, 66
-70, -22
-55, 34
58, 22
-63, 69
-59, -37
91, 59
58, -10
92, 80
-91, -26
-5, -39
-32, 63
73, -25
-53, -5
-43, -35
23, -48
28, -4
-100, -83
-100, 37
53, -26
-20, 14
77, 15
-78, 54
16, 84
8, -97
-93, 10
-29, -53
82, 94
61, 86
48, 41
15, 51
53, -56
20, -27
-41, -52
-12, -41
-7, 82
-33, -32
93, 20
7, -83
-85, 9
-54, -25
94, 39
59, -93
-33, -63
-44, 88
9, 59
83, -37
-88, 2
-50, 86
-50, 25
3, -41
-28, 6
40, -100
65, -54
75, -51
74, -88
-48, -22
-10, 93
-34, 35
-43, -83
12, -98
-76, -73
21, -53
96, -58
60, -60
-11, 96
6, -56
-95, -4
35, 31
-47, -84
16, -65
48, 26
29, 28
-56, 23
-2, -33
30, 6
8, 29
-31, 24
96, -88
-52, -52
55, -34
-23, -9
68, 81
53, 35
35, -91
-14, -16
80, -75
-51, -22
7, 98
-40, 82
32, 89
-44, 33
-20, 66
-19, 38
-58, -83
90, 48
56, 23
55, 0
-55, -70
65, 6
64, -78
-75, -100
32, 84
21, -1
-48, -71
96, -39
-18, -40
-35, 84
-49, 18
68, 73
-11, 95
14, 94
-10, -81
-91, 89
43, -77
55, 71
-27, -81
-84, -62
-97, 89
-22, 0
-36, -47
6, -12
-34, -52
-78, -43
90, -21
93, -14
-53, 31
-80, 7
34, -53
48, 70
18, -42
-59, -100
6, 45
75, -49
-96, -3
98, -37
-58, -50
44, -84
91, -29
26, 69
-81, 45
11, -89
-92, 48
-93, 53
22, -35
12, 12
-90, 78
-21, 80
-20, -56
57, 50
-82, -54
-60, 54
73, 29
-62, 72
74, 60
98, -74
-38, -46
86, -39
-68, 2
9, -99
-44, 73
-95, -80
-50, -23
-47, 31
80, -81
-18, -76
-11, 44
76, 52
-9, 88
68, -3
-56, 74
36, 28
86, 36
-13, 4
-56, 3
-97, 59
-23, 93
93, -50
47, 3
60, 21
16, -82
-73, 81
-69, 6
-3, -86
38, 5
39, 62
-31, -23
-11, -13
-50, -47
-3, -91
-44, 87
63, -12
-76, -13
-59, 17
9, 86
-25, -39
31, 30
-30, 60
-11, -76
-39, 78
94, -33
-23, -1
-23, 54
-47, 11
65, -2
35, 57
-61, 72
59, 9
49, -86
-12, 39
90, 5
81, -28
-61, 94
-81, 43
62, -18
60, -39
14, 12
99, 77
36, -5
-24, 56
-15, 78
26, 94
-23, 23
39, -96
52, 87
67, 83
-18, 93
-83, 7
-50, -85
-37, 16
-70, -30
44, 34
66, 92
64, 10
4, -18
21, 81
-97, 20
7, 89
-50, -74
-46, 64
27, -40
23, -30
-43, 96
-23, 91
7, 56
83, 49
-74, 52
-8, 96
-89, 21
54, -49
-93, -44
-65, -1
89, -78
-18, 52
-82, 60
91, -20
-85, 12
-61, 21
-54, 42
-81, -69
14, 81
6, -97
87, -50
10, -13
-73, 36
68, 25
-60, -13
-91, -60
42, -25
-5, 30
4, -28
-4, -72
-1, -50
-39, -88
68, 79
50, -60
-9, -6
-70, 46
-8, 85
-41, -72
78, -21
32, -98
-53, 79
27, 74
18, -69
-19, 66
-23, 87
-59, 4
-81, -17
92, 3
87, -22
70, 55
-38, 25
78, 43
-62, -54
7, -88
5, -31
3, 92
84, 64
93, 89
-41, 14
13, -62
-88, 38
-56, 96
56, 70
-40, -37
-22, -8
-25, 43
-38, 86
-92, 47
-40, -50
23, 61
-88, 95
77, -40
-97, 79
22, -47
83, -40
3, -42
-47, -62
-52, 26
-58, 51
-50, 51
-18, 32
-58, -86
-19, 8
35, -2
-93, -8
95, 3
-78, -58
-56, -86
-51, 67
7, -54
78, -86
67, 68
-36, 53
11, 84
-48, -18
-89, 75
18, -37
49, 26
29, 99
70, -79
-21, -43
43, -19
6, -33
-59, 7
-59, -4
65, -7
-1, 95
93, -28
-97, 28
-71, 6
91, 78
93, 39
59, -53
-79, -86
-61, -85
11, 0
-35, 87
-80, 71
-82, -73
18, 82
75, -60
-6, 83
64, -92
11, -60
20, -45
43, -38
85, 46
54, -94
-37, 28
32, -42
-84, -75
87, -48
36, 36
-77, 87
43, -97
83, -9
30, -13
61, -84
-78, -50
57, 47
20, -17
-64, 59
-12, -70
-80, 18
-100, -54
83, -43
-60, 71
-9, -55
-71, 90
-20, 90
97, 41
-81, -11
28, 76
30, -98
25, -38
88, 62
-56, -71
-91, -7
53, -87
41, 67
-11, 86
-92, 90
-31, -28
73, 39
52, 13
25, -50
90, 62
27, 21
-49, 15
-69, 26
8, -31
-76, -67
82, 11
46, 5
-30, 52
46, 85
-11, -67
-25, 63
92, 23
-70, -89
94, 97
-64, -94
98, 26
-3, 44
-93, -79
-28, 94
-54, 85
75, 38
-49, -38
11, -14
49, 29
61, -56
-78, -12
85, -60
-15, 67
-98, -35
-47, -31
-93, 89
34, -7
-33, 49
18, 0
-28, 76
41, 37
-99, -92
89, 39
-92, -69
-81, 0
71, -89
7, -70
26, -91
-57, 94
-8, 95
-74, 60
-85, 71
-57, 85
73, -48
-4, -100
-37, -60
25, 99
26, 71
-17, 17
56, -86
97, 89
-79, 84
86, 62
-44, 3
99, 98
-15, -24
-76, -90
-55, 24
-81, -20
85, -89
38, 8
60, 48
-33, 29
-20, 23
65, 11
4, -41
-51, -66
67, -81
47, 91
-15, -49
-33, -69
-23, -64
25, 98
-25, -7
-11, -63
4, 71
-45, 15
42, 28
-97, 78
-18, 48
4, 34
74, 61
-71, -91
84, -12
5, -27
62, 13
-88, -73
98, -61
15, -76
2, -18
-77, -55
10, 2
-57, -35
35, 13
-20, 44
4, -50
-52, 57
-90, -47
87, -16
53, 15
60, -24
-18, 58
-32, -97
10, 6
-52, -64
38, 26
-26, 16
83, 14
87, 39
-8, 87
-52, 9
90, -18
-85, 68
-82, 14
-20, -68
19, -36
-47, 89
87, 1
92, 50
-60, -61
-82, -30
67, 66
-29, 6
8, -3
74, -30
-99, -78
-65, -97
12, -15
-4, -84
67, -97
0, -85
42, 95
8, -53
-21, 87
33, -56
-89, 89
92, 19
7, 29
-87, -20
69, -44
-87, -93
47, 71
28, -25
68, -2
91, -10
47, -76
20, -61
86, -40
88, -11
62, 30
-70, -53
92, -36
-34, 38
-22, -55
59, 23
-92, 71
38, 72
70, 89
-59, -9
-59, -36
-67, -8
33, -93
-75, -49
-9, 13
62, -67
64, 33
-70, -50
-92, -40
96, 85
24, -66
-56, 99
-90, -4
76, 69
78, 59
-90, 59
46, -13
-72, -75
83, -63
84, 24
43, 15
32, 70
-95, 5
85, -12
-92, 29
-35, 76
14, 35
-13, -99
87, -75
76, 95
-22, 15
-100, 88
47, -96
-18, -8
-1, -66
49, -58
17, 99
-88, -15
17, 89
-75, -20
-59, -83
66, 84
-46, 77
51, -9
34, 8
-46, -41
-52, -21
69, -51
-31, 29
80, 75
22, 24
-13, 50
-93, -81
-55, -78
-2, 87
36, 72
61, 46
7, 49
-57, 80
2, 29
37, 81
-84, 23
82, 85
-72, 97
84, -86
-82, 84
86, -25
-100, 12
75, 62
-87, 66
81, 84
15, 36
-32, 18
-5, 23
-19, 28
41, -19
-24, 94
56, -71
22, -81
-96, -26
-52, 29
-69, 63
-15, -8
87, -54
-74, 51
55, 94
-84, 12
32, -20
2, -59
-25, 34
-22, 67
61, 57
-33, 92
-76, -56
70, -66
-88, -71
69, -6
37, 10
-12, 71
-48, -26
-9, 74
-91, 42
-75, 99
-67, 28
-16, -53
2, 36
-71, -94
1, 95
-73, -18
73, 40
-76, -91
-2, -17
60, -53
77, 94
-21, 71
-86, -72
40, -23
54, -59
-87, 0
53, 49
6, -20
-75, -51
-15, 65
-29, 32
6, -57
93, 58
61, 90
-27, 78
-94, 66
-46, 45
-67, 21
-68, 47
-29, 47
84, -59
16, -60
30, -30
15, -92
20, -40
-63, 45
-48, 54
-3, -9
13, 71
41, 56
-53, -2
-51, -35
-39, -90
-55, 21
27, -55
-61, -56
-17, -68
54, -22
-93, -72
-56, 22
53, 45
-55, 85
3, -92
88, 33
71, 11
10, 8
85, -36
-24, -5
-53, -65
11, -74
31, 82
40, -60
-44, 78
-41, -83
25, -49
-12, 91
82, 36
-71, 9
95, -90
5, 43
47, 67
-81, -13
-63, 56
92, 31
-87, -72
12, -55
-26, -97
59, -25
-22, 6
-80, 19
-37, -97
39, 35
-11, -4
-67, -74
80, 40
37, 64
73, 69
-44, 93
-65, 20
53, 66
-35, 4
58, -25
55, -71
57, -32
58, 70
54, 11
29, 29
-94, -36
38, 10
-16, -45
2, -40
-88, -57
-67, 75
-86, 29
66, 77
88, -72
16, 36
48, -76
41, 8
-51, -58
-1, 26
17, 27
-91, -8
17, -39
-32, -2
45, 82
25, -58
-78, -92
-81, 16
78, -82
-91, -100
96, 94
38, -92
73, 13
-96, -57
3, -21
28, 8
-44, -9
-97, 31
-81, -61
79, 78
79, -81
-31, 99
-100, -48
69, 30
53, 32
32, -91
-21, 88
10, 69
-38, 43
7, -44
85, -37
19, 59
7, -86
95, -65
83, 51
72, 63
95, -48
-1, 6
-46, 40
14, 18
-82, 12
-50, 88
73, -33
52, 45
7, -9
-85, -12
23, 68
6, 21
5, -75
-68, 5
81, -71
92, 88
66, 16
35, -79
-52, 37
11, -27
81, -61
1, 80
-40, -70
-92, 88
-8, -59
-86, 93
-31, 5
84, 41
-50, -31
6, 41
-69, 58
72, -13
-71, -10
63, -42
-34, 93
-8, 88
-97, 1
77, 87
98, -54
44, -78
64, 56
-54, 78
31, -2
-42, 2
-29, -36
57, -24
-36, -11
0, 28
44, -16
19, -64
-49, 97
-66, 86
-73, 39
9, -65
12, 57
37, 72
-12, -47
-98, -84
12, 98
64, -76
-61, 30
-89, -12
-9, -65
79, 41
92, -62
4, -10
71, -98
-27, -66
86, 31
94, -16
-41, -15
-77, 3
-7, 75
-34, -64
-42, -92
-13, 90
97, 81
37, 38
88, 24
-90, -1
-55, 30
64, 70
-12, 0
9, 51
-84, -18
-59, -20
97, 59
-82, 22
-54, -76
23, -92
71, 77
-88, -92
-8, -31
8, 30
60, 16
17, -52
39, 14
-93, 58
-70, -36
27, -54
-46, 90
76, 2
50, 42
72, 33
86, 99
74, -2
93, -16
44, -24
-26, 3
8, 59
24, 12
-6, -18
12, -33
-58, -7
97, -61
43, -21
12, 78
-13, 2
41, 54
-66, 60
-38, 82
10, -54
-53, -17
25, -99
48, -81
-73, 56
-60, 44
-49, -91
55, -45
81, 27
18, 19
1, 85
74, -28
-9, 38
87, -76
-17, -31
40, 52
85, 53
69, 50
79, 29
-95, -88
-90, -27
66, 57
-23, -80
-58, -36
-80, 55
91, 57
-45, 28
82, -32
5, 36
25, 73
56, 11
-67, -10
-66, -46
-23, -20
73, -85
-83, -72
-72, 53
-3, -33
30, 91
-4, 54
-88, 30
14, -72
-69, 43
55, -10
0, 23
-85, 64
-74, 15
-53, 18
-22, 93
41, 26
12, 28
-48, -3
-39, 60
-70, 1
57, 41
7, -19
-75, 38
64, 13
15, -1
77, -62
-75, 52
-31, -10
-77, -95
8, 69
-44, 74
65, -33
45, 92
14, -22
38, 7
13, -100
53, -9
3, 93
65, -6
84, 75
33, -100
65, -32
39, -34
46, -58
76, -59
-97, -45
-96, -74
-90, 47
-50, 31
44, -22
-54, 65
-62, 83
40, 42
-54, 59
-5, -18
-49, 63
-74, -58
-19, 36
98, 1
87, 37
-67, 38
-13, 65
-45, -84
-12, -96
20, 64
-92, -77
66, 30
-20, -5
41, 9
4, -97
61, 53
-54, 48
-57, 2
-61, 1
-73, -33
26, 9
35, 25
-16, 24
-33, 91
75, -83
12, -96
1, 34
-64, -65
15, -87
93, 52
66, 24
-7, -64
49, -89
58, 47
-83, -37
-13, -89
94, -13
32, -56
-60, 63
-62, -89
-1, 80
-57, -84
3, 34
-23, 60
3, 62
-15, -15
8, -20
39, 79
-86, -43
-1, 73
39, 53
-89, 59
-94, -44
98, 85
27, 78
-15, -91
37, 49
36, -3
-35, -48
-55, -54
-93, -37
94, 30
79, 20
99, 25
-10, -70
72, 78
53, -76
-2, -37
-70, 84
-35, -46
22, 22
-70, 59
13, 7
-7, 21
70, 76
70, -46
-41, 50
-39, 56
-36, -25
-10, 38
68, 48
-100, 96
-91, -80
23, 86
-24, -14
-45, 43
78, -83
-81, -91
3, -51
-90, 70
-11, 59
34, 92
-31, -4
-100, -98
16, 88
16, 40
58, -84
-37, -80
-35, -33
-89, 40
2, 96
-25, 66
63, -38
-6, 44
30, 69
22, -90
19, 39
-51, -70
-39, -86
99, 37
41, 66
50, -22
87, 4
-48, -95
-63, 0
54, 22
97, 15
-87, 98
-94, -70
-54, -69
31, -82
63, 47
19, -73
-32, 39
89, 96
97, 42
56, 16
64, -42
-5, -48
37, -47
-13, -79
97, 53
-79, -85
-52, 98
27, -47
-41, -34
34, -16
11, 88
-82, -91
-68, 58
-17, 46
-11, -68
73, 56
89, -4
66, -88
51, 84
68, -26
-37, 44
-62, -84
-40, -100
32, 73
-13, 55
-47, -67
-38, 42
-79, 85
56, 10
-95, -85
31, 88
-64, -19
19, -16
-90, -91
0, 27
-23, 30
64, -51
-7, 26
21, -63
-94, -7
47, 48
22, -61
51, 80
-52, -89
-7, -31
65, 36
-96, -29
-31, -44
-16, 99
2, 97
43, -36
94, -65
-47, 98
-77, 41
70, -30
16, -16
-54, -82
-82, -74
-90, -75
-8, 1
70, -58
-47, -77
-81, -68
-55, -82
85, -35
75, 28
-87, -59
70, -60
-33, -24
-2, -95
96, 61
-90, -44
16, 6
29, -6
77, 3
53, -21
-40, 25
91, -35
-56, 43
-75, -46
31, 50
62, -32
-98, 67
-57, 92
5, -43
-87, 17
44, 91
22, 8
13, -54
-22, 20
16, 10
63, 21
3, 15
-61, 97
-60, 6
88, 79
25, -25
12, 38
90, 31
19, 13
28, 49
59, 50
-17, 28
-84, 54
-75, -72
98, -59
96, 58
-32, 43
-58, 71
-77, -46
91, -75
96, 81
4, 21
-93, -98
59, 37
-51, -45
-36, 34
88, 78
75, 66
75, -53
23, -97
45, -83
47, -64
-41, -87
96, -62
11, -37
72, 83
-29, 34
10, 71
-89, 54
-50, -61
-57, 98
68, -89
-71, 28
-33, 10
-97, 68
99, -80
57, 74
-24, 7
-51, -28
29, -81
39, -80
70, 67
-9, -58
-67, -66
-47, 37
63, 8
19, 29
-20, -10
-41, -14
-97, -65
46, 61
-55, 66
-42, -50
48, -60
-29, -20
0, 36
-87, -96
-54, 24
-37, -77
-67, -42
33, -19
71, 73
15, -35
-83, 62
45, -94
-83, 45
-93, -43
10, -49
0, 18
11, 94
95, 5
97, 96
-81, -22
18, -27
-66, -67
39, -72
41, 87
26, -30
-19, 74
-52, -46
-93, 7
-35, 90
-37, -87
27, 47
79, -9
92, 86
66, -92
-67, -85
-48, 8
96, 54
-20, 75
12, 61
99, -63
18, -60
0, 80
39, 17
61, -28
-37, -44
-21, 3
-100, 35
-2, 76
39, -19
63, 99
5, -28
63, -81
46, 29
-11, 93
69, -12
-75, 53
72, -96
-18, -30
-78, 37
53, 80
-42, -23
99, 45
-70, -18
64, 65
62, 94
-94, 10
-72, 69
94, -96
-35, -72
73, 80
93, -45
-4, 76
-44, -24
-46, -97
57, 28
-40, 71
93, 11
-40, -21
73, 68
97, 11
-76, 23
-58, 86
8, -86
-95, -74
72, -37
68, -7
24, -24
76, -87
17, -70
67, -93
31, -8
-96, 53
49, -96
-51, -24
37, -40
-27, -20
93, -62
-96, -61
-78, 30
20, 29
-37, 66
42, -85
-94, 29
66, -72
-37, 89
-94, -26
-29, 46
96, -77
82, 7
-85, -4
-30, -89
-68, 26
3, -70
22, 11
47, 47
48, -59
55, -7
-9, -74
5, -30
-84, -26
62, -80
51, -16
-69, 69
-1, -65
26, 92
-83, -19
84, -65
-61, -97
-53, 6
-52, -100
-78, -94
-100, 20
49, -33
-77, -99
83, -65
-51, -12
-30, -60
-82, -27
-67, 97
94, 90
48, -29
52, -61
47, -15
-57, 42
-14, -21
81, -55
57, 1
91, 54
42, -61
73, -37
17, -45
26, 87
85, 21
62, 18
-100, 43
-88, 50
-2, 55
99, -44
-52, -94
42, 35
14, -39
51, -40
27, -78
17, -28
91, -40
52, 24
63, -51
-90, 95
-98, -72
83, 43
2, -83
99, -20
14, 59
65, -23
-82, -83
29, -25
-53, 50
70, 99
54, 12
35, -100
-69, -72
89, 45
-67, -49
-54, -7
87, 30
-77, 53
-41, 56
-86, -80
61, -4
-41, 36
50, 60
-11, -95
-63, -20
12, 39
-2, -94
-84, 1
86, 25
-9, 76
-50, -2
58, -51
-48, 55
-32, -46
-60, -50
27, -76
42, 42
43, 18
69, 40
-70, 78
4, -34
81, 49
34, 0
-37, -71
-16, -76
12, -77
-84, -73
-3, 68
57, 18
-9, 1
82, 72
41, -34
-5, -42
-16, 91
55, 37
1, 75
30, -90
-37, 71
79, -70
-35, 95
-73, 49
6, -16
-36, 51
-73, -26
-7, 50
-94, 79
69, 8
2, -84
23, -52
25, 15
49, -72
-26, 76
14, 78
-54, -60
24, -55
-91, -3
50, -41
-25, -20
59, 85
-34, -94
-62, -69
35, 4
-34, 31
-53, 82
62, -25
-5, -9
-28, 30
10, -73
-1, 43
-62, 95
-70, 6
13, 48
-11, -71
-54, -54
92, 67
-57, -11
-96, -66
-31, 1
-36, 62
97, 68
-89, -88
71, 57
48, -23
96, 21
-88, -30
-6, -63
34, -75
66, 40
77, 10
-97, -30
-77, 33
-30, -47
-32, 49
-2, 89
-79, 53
81, -43
64, -52
-1, -47
63, -13
17, 3
63, 4
46, -65
89, 43
49, 31
-69, 52
19, -30
-88, 11
-22, -87
49, -93
37, -84
-59, 11
-83, 42
-92, -79
-48, -8
-30, -28
12, 91
-19, 27
-8, -73
51, -66
-42, 38
-27, -5
-97, 8
24, -71
99, -18
-87, -75
26, -73
-29, -27
79, 97
56, -85
-67, -62
-62, 84
-87, -16
-90, -92
90, 53
-11, -90
62, 86
-72, -23
-6, 74
-72, -49
-91, 15
72, 87
-94, -25
15, -22
88, 19
-18, 42
31, 62
90, -89
89, 26
43, 40
-8, 21
-33, 64
38, -77
63, 73
85, 80
-16, 50
57, -49
93, 60
14, -17
-57, 15
37, -86
92, 64
-27, 61
38, 98
88, -23
65, -61
19, -61
-62, 48
-32, -51
-25, -85
-77, -30
97, 6
31, 92
50, 77
-52, 75
94, 64
-99, -72
-19, -65
52, 34
-89, 95
-46, 3
-92, -100
17, -54
53, 28
-10, -92
-91, 5
-17, 92
-39, 16
-13, 68
28, 70
70, -77
78, -64
-6, 42
59, -22
38, -19
-97, 40
35, -1
-13, 34
1, 35
-59, -27
54, 35
-22, 17
-68, -39
-25, -23
41, 21
69, 99
-49, -7
-70, -60
49, -1
45, 14
-2, -89
-18, 45
61, 61
0, 47
-50, 23
12, -47
41, -76
82, -82
29, 39
-90, 18
15, 75
53, 85
76, -95
59, 84
-27, -52
87, -34
-54, 90
-80, 79
-24, 67
51, -43
-6, 47
-7, -57
-76, -83
57, -78
19, 20
-87, 18
72, 45
-61, -12
27, -30
19, 72
-42, -78
24, 37
-88, -90
92, 20
18, -52
-70, -4
-41, 89
84, -28
-12, -4
-27, 24
-79, -37
-36, 84
-89, -5
-87, -74
81, 73
-48, -7
-8, 15
-77, -39
62, 85
18, 4
57, -100
52, 7
-7, -37
-28, -12
-89, 8
-10, -29
1, -90
44, -52
6, 44
90, -49
-93, 71
98, -13
63, -58
-51, 19
87, 55
20, 1
-34, -82
93, 8
-26, -24
-47, -43
3, 50
-51, 95
-91, -53
-63, -93
-67, 59
-70, -52
-70, 44
-29, -72
98, -39
55, -22
-32, 71
-9, 32
-77, -50
-88, -58
48, -51
-97, -74
25, -93
50, -7
59, 30
37, 4
-78, 39
-37, -18
88, 93
77, -52
61, 0
47, -46
-90, -93
-48, 25
-68, 88
81, -77
-5, -100
-41, 62
55, 84
75, 74
-99, -12
96, 0
9, -68
-99, 39
-100, -57
31, 45
-44, -93
-88, -65
-73, -69
79, 75
61, 7
-10, 51
29, 9
-34, -54
97, 79
-99, 14
-47, -92
79, 71
90, 17
67, -98
-50, -55
-35, -37
-34, 81
8, 75
16, -89
61, -81
-98, -6
-42, 74
-48, 58
-13, -11
29, -58
-65, 39
81, 3
-74, 80
3, 94
80, -3
90, 76
98, -87
-71, -75
90, -19
57, -42
-29, -9
-39, -82
-56, -88
92, -88
-31, -97
72, -40
-56, -100
-18, -71
-73, 7
75, 26
7, 79
-70, 17
-97, 22
95, -39
12, 68
40, -82
-93, 51
-69, 22
93, -74
-22, -86
94, 92
15, 98
-11, 15
-45, -86
-46, 98
73, -1
89, -90
75, 95
29, -7
28, 91
-56, 8
31, 47
50, 24
95, -18
99, -16
-28, 73
7, -29
-5, 69
8, -69
19, 75
-35, -68
60, 1
-43, -66
-69, 23
-50, -95
-79, 14
66, -71
-3, -67
-97, -17
21, 64
-42, 46
-47, 97
85, -96
-1, -3
-29, -34
30, -68
-82, 79
87, -2
30, -67
94, -46
23, -59
93, -82
17, 1
77, -59
-98, 22
-95, 38
-98, -99
-39, 85
30, 38
24, -6
74, -82
10, 74
-51, -16
-79, 65
-100, 1
1, 15
-89, 20
-47, 65
11, -67
-51, -21
81, 18
40, -33
-98, -42
-15, -56
-1, 42
-33, 28
86, -17
17, 96
93, -49
-89, 62
86, 33
-41, -86
4, 26
-11, 58
-30, -93
-42, -77
-41, 48
-78, -67
22, 54
-97, 80
-75, 43
-79, 60
36, -92
83, 54
8, -64
-47, 44
77, 97
-45, 79
23, 77
-40, 68
-84, -59
-43, -41
-72, 6
10, -35
-76, 17
-95, -1
-59, 73
28, 34
-44, 84
-23, 11
24, -13
-36, -7
20, 60
-70, 51
77, 63
61, -16
-23, 77
-27, 19
-39, -16
-45, 23
-81, 78
11, -13
-50, 3
-17, 13
52, 60
-1, 30
11, -78
2, -88
51, -76
-50, 13
4, 7
-11, 83
-82, 7
-63, -42
66, -26
37, -53
36, 62
-91, 74
36, -94
-99, 35
24, 29
-100, -40
95, -98
-8, 27
-92, -70
76, 98
27, 0
24, 70
-85, 37
-74, -86
96, -56
-36, 86
-92, 7
-77, 26
73, -8
59, 8
-43, 76
48, 74
-93, -35
-82, -37
58, -23
-76, -14
-92, -98
-16, -88
-67, -11
-42, -84
87, -29
93, -69
-77, 25
-45, -71
26, 24
89, 54
-36, -61
0, -96
66, 70
68, -100
81, -95
-60, 18
83, 47
-40, 60
66, -11
87, 23
65, 45
-43, -97
50, 66
77, -63
-43, -58
-95, 9
-93, 47
35, 28
24, 97
-10, -16
6, -3
-74, 72
-12, 38
33, -60
48, -70
46, -51
-46, 42
50, -40
7, -32
66, 35
-33, 13
-36, 24
-52, 42
56, 17
-17, 67
-39, 59
-62, 2
44, 85
-99, -15
70, -100
46, 3
-14, -69
-84, 40
43, 88
-56, -57
44, -46
-15, 6
83, -76
98, -79
-5, -32
-52, 32
25, 59
36, 35
98, -25
9, -64
-48, -21
51, 3
-87, -41
62, -21
70, -72
29, -5
37, -15
53, 84
-80, -6
29, -54
75, -22
48, 17
12, -94
90, 21
-21, -79
72, 27
-29, -83
46, 13
-35, -27
-3, 77
66, -55
-13, 3
96, -52
-49, 79
42, -10
64, -68
53, -71
-54, 7
89, 12
17, 85
22, 46
-24, 47
45, -15
64, 36
39, 18
-41, -55
-1, 50
-94, -12
45, 79
-40, 44
-46, -99
-35, 99
-81, -10
-85, 63
55, 17
2, 1
-22, -83
-98, 99
78, -98
-38, -18
-26, 65
62, -43
52, -94
-73, 20
7, -40
47, -88
16, 11
25, -63
-94, 50
17, -98
-80, 3
75, -90
-11, 33
20, -34
-97, -40
-95, -78
-63, 17
-61, 31
21, -4
86, -29
-69, 2
-33, 31
44, -43
-7, -70
-85, -16
-92, 57
24, 56
20, -90
-35, 33
-75, -7
94, 93
8, -12
58, 71
-19, 23
-40, 94
69, -99
-32, -59
96, -73
-51, -5
-9, -25
-20, 96
-62, 86
24, -10
-4, -61
-93, -93
-90, 43
-34, 82
-25, 78
37, -7
55, -27
62, 21
27, 84
67, -5
18, -46
16, -2
-90, 79
-89, 47
-35, 88
5, 35
-52, -11
56, 29
71, 15
-24, -79
-40, -48
40, -17
86, -28
31, -27
-60, 93
58, -97
-24, 34
-61, -33
70, 81
96, -53
-24, -99
-86, 81
71, 3
-80, 5
60, 66
-50, -79
-15, -25
-33, -44
35, -23
-58, -64
-24, -81
-51, 29
-12, 27
-19, -36
-91, -36
44, 22
-20, 40
81, 34
-45, 30
54, -26
-51, 49
-93, 69
30, 1
49, -76
69, 22
-56, -94
-94, -20
59, -82
-67, 74
-16, -96
4, 84
-5, 95
-46, 16
-62, -44
-82, -43
-96, 41
19, -8
12, -79
45, 81
85, 57
29, -92
44, -60
33, 52
86, -20
-85, 66
-92, 84
-36, 67
41, -21
21, 7
88, -94
58, 21
56, -9
-28, 21
37, 42
-47, -2
-61, -52
-55, -91
33, 40
88, 71
32, 58
67, 21
47, -36
33, -58
-75, 15
-9, 4
90, -27
0, 12
-15, -75
87, 16
38, 17
-61, -78
-32, 82
86, -18
-5, 27
9, 90
-82, 66
8, 34
68, -61
45, 59
0, -57
-76, 90
90, 82
19, -3
-40, 17
-69, 14
27, 98
79, -16
96, 70
-16, 18
15, 97
-93, -29
31, -5
86, 6
22, 13
64, -33
56, -19
85, -86
-18, 36
17, 95
-86, -85
-64, -31
-55, -98
-83, -12
90, -66
-81, -2
14, -31
-45, 62
68, 68
-46, -63
-17, -24
-15, 4
-66, -54
-73, 44
-50, -7
49, 10
-31, 9
46, -9
30, -64
-39, 86
-97, 21
-71, 68
91, -39
58, -6
29, 72
52, 48
22, 9
34, 29
27, -14
74, -52
-83, -91
84, 8
17, -25
-64, -25
1, -11
93, -60
-32, -64
-57, -34
62, -24
-87, -89
-7, -47
67, 67
98, 81
-89, 26
73, 61
6, 48
22, -89
53, -53
37, 68
-92, 5
-3, -41
57, -76
-29, -5
91, -63
99, -57
-91, -12
-26, -90
58, 43
-48, -24
84, -89
58, -59
-24, 21
-11, 76
-32, -43
-48, -12
38, -1
-1, -69
20, 31
63, 90
89, -34
75, 2
-96, 28
-77, 56
49, -40
-53, 13
-59, -14
-90, 97
-28, -73
-82, -78
21, 68
-47, 73
34, 91
30, 24
0, 95
28, -28
22, 36
-96, -63
-69, -8
-69, -94
-39, -58
-97, -47
86, 20
-43, -31
49, 30
78, -89
78, 31
92, -17
48, -32
36, -21
42, -63
-93, 38
-62, 5
50, 7
-33, 73
-90, 45
-87, 47
-60, 12
72, -83
-77, 85
-74, -39
-94, -75
-74, -55
26, -6
72, -50
51, -15
-82, 37
72, -92
-18, 6
-96, 75
3, 38
58, 91
-38, 31
-44, -36
-88, 21
-94, -41
-54, 18
35, 21
-82, 99
39, 13
2, 61
55, -21
4, 38
52, -51
39, -3
70, 46
64, -24
31, -34
-76, 80
37, 28
79, 44
19, 95
58, 38
-36, -84
-37, -30
77, -28
-63, 33
60, 32
3, 73
-8, 55
53, -29
-12, -6
-12, -100
-4, 92
8, 47
-25, 44
57, -1
-91, 50
14, -1
49, -67
-1, -1
-71, -80
-28, -18
70, 90
42, -23
99, -4
-61, 62
24, -28
-92, -67
33, -84
96, 96
34, -39
-2, -40
-13, -13
-50, -5
73, 88
37, 32
-85, -10
-20, -26
-61, 5
54, 61
-34, 68
62, -40
9, -92
71, -34
-32, 99
65, 61
11, -87
-44, -32
44, 32
-41, 82
57, 48
-18, 87
78, -78
52, -15
93, 9
-48, 4
-45, 93
-56, 92
-25, -19
80, 41
26, -27
89, -76
47, -54
-49, 83
-54, -96
-22, -13
0, 77
-99, 55
47, -43
-28, -34
-30, -23
-62, -37
-41, 93
60, 86
-50, -41
22, 48
-66, 82
-17, -100
-43, -46
-13, -48
35, 91
44, -62
7, 40
64, -99
-80, -71
17, 54
64, -9
81, -30
-37, 21
21, 88
-65, 53
-87, -27
4, 50
-39, 77
26, 44
36, 3
67, 26
-98, -70
67, 52
-5, 76
32, -73
41, 77
17, 16
-98, -65
1, -49
33, 69
8, 50
43, -68
88, 38
57, 93
57, 40
89, 46
1, -87
3, 21
11, -55
48, 64
20, -29
-37, 14
-33, -64
54, 99
8, -100
-99, 89
99, 84
-59, -69
34, -54
43, -37
-19, -48
6, 3
59, 14
-17, 87
2, -99
-49, 87
67, -76
3, 26
-32, -8
-92, 19
-22, 47
-5, 0
-14, -22
28, 5
-99, -77
-17, -62
54, -43
-81, 93
-30, -81
40, 39
-98, 68
-93, -53
22, 28
21, 10
-78, 14
42, -39
-35, 77
45, 34
-39, 50
19, -9
50, -56
10, 13
96, 15
94, 67
24, 96
40, 1
-88, 88
45, 48
3, -48
-18, -33
72, -82
-75, -18
-94, -8
58, 11
-93, -47
61, 26
-8, -92
-81, -9
66, 56
-13, 14
31, -67
4, 10
-45, 13
73, -99
74, 93
40, -62
-51, 58
-100, 54
39, -23
-44, -35
43, -81
34, 9
-20, 79
77, 29
72, 26
-60, -48
-86, 48
14, 85
-13, -60
-5, -89
-44, 86
40, 34
26, 2
51, 93
-34, -18
52, 51
40, 90
28, 32
-65, -89
93, -31
-24, -47
-90, -68
9, 25
33, -25
-39, -37
2, -100
-10, 47
-34, -78
26, 83
22, -41
-18, 97
-28, 13
-65, 92
61, -87
-27, -19
77, 91
69, -67
-33, -78
1, 21
92, 32
-20, 99
40, 63
-33, -72
24, 71
86, -30
-67, -18
45, -96
-14, -39
96, 78
83, -30
-98, -80
-66, 99
87, -42
-68, -3
96, -83
-93, 67
-68, -83
-92, 74
0, -28
-66, 40
-12, 32
-7, 98
-95, -16
-82, 20
12, -72
-84, -12
-64, 14
80, 25
79, 25
40, -34
-43, 89
44, -29
-47, 81
65, -22
-64, -39
-53, 15
88, 16
-33, -40
86, -73
90, -84
26, -16
-1, 84
96, 7
60, -59
-18, -61
40, 35
81, -80
12, -86
42, 86
9, -49
-4, 69
15, 88
73, -41
60, -18
9, 7
63, -26
-95, 65
56, -14
94, 23
8, 73
-100, 56
16, -17
-7, 95
49, 23
-22, -53
-44, 98
-34, -74
31, 99
-2, -91
64, 39
96, -45
63, -33
-26, 74
32, 81
8, -27
26, -12
11, -8
-53, 93
-5, -17
-76, -39
88, 13
-84, -32
-18, 95
52, -52
32, 18
49, 91
64, 71
90, -41
46, -2
-56, -76
-24, 68
-59, 34
-17, -74
82, -13
-7, -28
26, 37
-7, 41
39, 87
9, 74
-29, -6
39, 38
61, 62
38, -13
5, 98
49, 28
82, -18
72, -95
20, 39
-89, -72
31, -70
-52, 79
59, -76
12, 86
49, 95
-80, 76
-6, -21
50, -45
3, 98
-46, -23
-73, 66
4, 80
18, -7
49, 17
-74, 59
-83, -20
-3, 57
80, -74
86, -93
-8, -39
-66, -37
38, -29
-43, 58
37, 61
-8, -32
-68, 79
3, 51
-30, -96
-34, -60
71, -81
-16, 68
-46, -67
44, 97
7, -65
-39, 44
-81, -90
7, 55
39, 83
-85, -30
50, 10
-78, 6
45, -5
-78, -31
79, 35
-44, 40
-22, -9
-7, 99
-38, 80
32, 65
-94, 60
-27, 94
-30, -56
76, 77
-7, -13
-53, -73
-28, 7
81, 85
68, 16
-99, -87
79, -93
-28, -50
7, -24
40, 16
-13, -16
10, -29
61, -47
-31, -87
-61, 4
-37, 24
-83, 68
-97, -55
10, -79
61, -19
62, -22
-77, -94
93, -93
12, -7
-17, 54
58, -29
26, -97
-21, -11
-31, 74
-4, 51
-82, 94
-8, -81
30, 68
62, -99
-74, -33
-19, 41
73, 85
63, 20
60, -40
19, -56
-79, -56
-23, 56
-48, -32
34, -80
-13, 30
5, -7
25, -85
-60, -99
5, -11
-26, 90
-30, -65
88, 59
-6, -55
32, 9
-67, -20
91, 16
41, -25
17, 79
-69, 48
-59, 5
84, -16
67, 13
-56, 89
-100, 24
-53, 92
-85, -65
74, 29
-70, -79
57, 6
2, 2
-3, 45
33, 37
-15, 90
-70, -98
-32, -41
-89, 67
67, 64
-27, -85
-64, -7
43, -57
-88, 63
-48, -27
-93, -90
-7, 11
-37, 26
-7, -46
-51, -82
55, -26
-94, 44
43, 57
-20, -32
93, -71
-75, 66
14, -85
85, 76
49, -44
62, -77
-62, 27
17, 90
87, 96
-27, 98
0, -34
-25, 46
64, -58
67, 40
78, 5
-35, 8
5, 67
6, 17
53, 96
58, -55
40, 62
50, -18
80, 9
63, -25
4, -21
-74, -38
-60, 15
-39, -81
35, -55
65, 38
96, -47
1, -31
-31, -26
34, -60
93, -89
75, -36
28, 71
-76, 84
-16, 49
66, 72
-92, 37
15, 4
-65, 78
55, 16
-6, 31
-74, -6
86, -10
-49, 80
-3, -78
69, 42
73, 94
30, -6
69, 3
55, 33
-29, -68
54, -91
-74, -74
74, -37
56, -48
-53, -93
-76, -77
88, 34
-25, 99
11, 77
22, -71
63, 92
-67, 26
-77, -56
82, -77
-39, 99
88, 65
20, -39
37, -60
98, -63
-100, -49
42, 82
41, -89
75, 65
40, 40
-1, 22
-85, -41
37, 19
92, 12
-90, 46
15, -86
-18, -95
76, 11
-48, 90
-88, 85
14, 60
44, 81
26, -62
60, -75
-54, -13
-3, 26
-15, 71
24, -26
22, 0
-45, 14
30, 20
-2, -85
49, -11
58, 33
-35, 25
-97, 5
-55, 11
37, -48
-33, 24
68, -59
-36, -57
-86, -21
-27, -56
-89, 71
98, 84
77, 25
-27, -50
81, 44
-68, -77
-43, 22
-99, 42
-69, 7
-3, 23
-96, -33
-20, 17
-94, 40
73, -21
39, -53
-2, -48
76, 86
0, -65
-57, -5
45, -42
18, 84
-47, 35
-19, -23
-17, -2
22, 52
-47, 18
-81, -92
-11, -62
4, -98
39, 19
-17, 48
10, 34
56, -4
42, -15
30, 62
17, 7
84, -36
27, -73
-54, 73
47, -11
-44, -1
45, -21
24, 66
-60, 30
-36, -42
-92, -35
-1, -82
-52, -76
-56, 49
73, -81
-84, 41
47, 58
-49, 77
28, -56
-44, 11
38, -28
57, 92
90, 68
20, -95
10, -91
38, -51
-8, 42
-57, 68
-52, -92
87, -37
-33, -85
-20, 94
-4, 83
5, -16
-6, -54
34, 69
56, -59
29, -52
-58, 50
33, -8
11, -63
72, 19
-51, 72
1, -92
30, -72
-5, 70
92, -96
71, -6
26, 54
17, 91
-84, -34
93, -26
-4, -49
-9, -71
-24, 79
93, 93
-67, -54
-5, 54
74, -50
-93, 79
83, 18
15, 58
44, -27
97, -86
-99, -23
-56, 81
17, -21
-61, -55
-59, -38
59, 63
29, -97
25, 40
-58, 72
-58, 62
99, 55
-9, 23
-10, -95
-23, -45
-64, -23
-99, 95
43, -31
76, 44
25, 34
-28, -24
49, -23
-80, -61
30, -38
-84, -2
77, 68
58, -22
-99, -60
6, 22
18, 29
74, 64
-26, -86
-73, 84
37, -54
-87, -86
-13, -62
5, -6
20, 24
57, 10
-1, -21
56, 32
-87, -52
-7, 56
84, -75
3, 84
-99, -37
55, 88
13, 26
30, -9
57, 97
-46, -45
-66, -58
-11, -41
63, 87
-84, 42
-38, 0
-72, 26
48, -24
40, -84
-82, 33
-100, 98
-12, -16
-53, 77
45, -88
93, 48
-2, 96
24, 53
88, 88
-69, -30
57, 75
68, 85
39, -26
38, 79
-6, 67
80, 31
-65, 6
31, -58
-42, -35
23, 11
49, -99
-27, -9
45, 2
-39, 47
-81, -49
-41, 25
-41, -70
31, 73
-43, -37
59, -78
-30, -27
52, 9
-87, 46
7, 20
54, -44
77, 61
53, 40
57, -41
3, -34
-35, 56
-31, -58
-19, -82
-91, -58
24, 24
-27, 65
-6, -83
56, -99
-37, -75
-87, -30
64, -43
8, -82
63, -34
-94, -63
-2, -41
-14, -42
91, -21
57, -50
-25, 42
52, 64
17, -95
63, 13
-57, 22
-78, -56
19, -34
-32, -22
39, -97
36, 34
-34, 55
58, 75
0, -86
-45, -34
96, -65
54, 29
-77, 59
26, 63
-51, 38
-87, -31
-40, 67
17, -73
-22, 8
71, 7
-14, 54
-14, -50
6, 74
2, 60
85, 50
59, 67
-28, 67
74, -59
23, 47
10, 67
0, -33
-95, -73
-96, 88
-60, 4
28, 55
73, 42
28, -68
4, 94
40, -32
77, -90
59, -97
-83, 8
13, -13
-69, -3
-74, 73
-85, -69
48, -33
-20, 42
-22, -71
30, -85
-17, 27
-59, 29
20, 95
-74, -21
-81, -73
4, -58
-84, -60
-69, -28
-27, -95
-95, -31
-94, -48
-95, -71
14, 68
51, -87
-72, 67
91, 53
-5, 79
-19, 35
-6, 16
-55, -45
73, 76
46, -63
-69, 10
64, 50
-22, -12
90, 51
-1, -46
-14, 15
82, -52
-89, 83
17, 80
2, 16
29, 57
21, 60
81, -94
38, 21
-91, -92
-71, 65
6, -30
-87, 19
-13, -88
-82, -100
32, -81
13, -68
-83, -58
69, -91
88, -47
-14, 53
32, -50
61, -67
57, 4
91, -23
-21, 10
-17, 60
97, -29
54, 23
69, 18
45, 30
-77, 96
-72, -43
13, -41
82, 51
-58, 46
22, 85
-5, 38
-58, 20
85, -99
-19, -64
-77, 8
-56, 64
69, 54
70, -1
-51, -32
22, -51
-91, 44
38, 27
-36, 72
-11, -48
19, 60
94, -95
31, -14
-53, 29
-99, 23
-25, 97
-75, 65
-13, -34
-39, -73
-53, -45
51, -10
-69, 64
-77, 32
-87, 55
2, -39
-50, 43
-32, 25
73, 79
-37, 27
65, -66
85, 0
-90, -87
-1, -60
-69, 40
-62, -6
-70, 53
-14, -18
-13, -68
-72, -24
-62, -95
-91, 13
9, 93
15, 66
-82, 9
60, 82
1, -98
17, -41
-72, 27
-42, -45
9, 9
-60, -57
-99, -17
-99, 57
96, 38
68, -84
-71, -89
-62, -71
98, 65
90, 12
-68, -18
98, 97
-58, -75
-47, -38
-53, 90
10, -47
92, -22
-32, 87
-70, 27
65, -47
-72, 95
37, 16
-17, -56
95, -56
-81, 23
51, -55
40, -95
60, 60
-3, -73
68, -18
-49, -47
80, 33
-72, 64
-73, 14
-90, -12
34, -6
-32, 50
32, -84
46, -47
-36, -68
-100, -28
-83, 55
42, 81
98, -1
-69, -48
-88, 7
48, -96
-7, -11
57, -93
98, 24
-33, -94
90, -88
97, -69
2, 20
49, -50
46, -1
33, 31
22, -12
-96, 94
-47, -47
67, -21
95, -24
-62, -52
80, -49
-96, -7
-41, -39
-34, 70
93, 46
29, -1
-13, -75
37, 59
-41, 58
-30, -53
36, -4
-3, 20
72, 50
5, -14
-81, 83
98, -11
-94, -60
-1, -18
-99, 22
15, 40
64, -45
-91, -85
-8, 68
85, -85
81, -57
-29, 14
-30, 53
15, -13
56, -28
-100, -65
-39, -46
97, -85
97, 4
28, -6
-97, -46
45, 41
-44, -27
83, -92
76, 60
-38, 29
-39, -23
58, 97
-70, 95
-27, 37
19, 17
-20, 54
-41, -93
-42, -99
-3, 32
14, -69
31, 49
-98, 75
-29, -71
70, -96
-46, -87
23, 34
96, -23
-81, -78
85, 33
83, 64
-2, -38
56, 61
-32, 70
-58, -6
-35, -66
-85, -91
-64, 19
4, 93
-70, 10
56, 14
50, -27
-83, -2
-75, -39
-96, 73
1, 93
-61, 40
-66, -64
-25, -13
6, -10
61, 37
7, 95
78, -45
-99, -96
-7, -96
-34, 19
38, -22
23, -14
-83, -6
-47, -16
-19, -96
-94, 2
-48, -70
-13, -25
-76, 46
17, -27
45, 5
67, -16
-15, 43
-26, 78
16, -50
-42, -32
-73, -25
-65, 30
5, 5
22, 30
-69, -34
-31, -48
-41, 34
-92, 27
19, 33
72, 32
-88, 93
-21, 89
-8, -35
51, -69
-45, 36
-72, -46
-97, 29
-49, 36
-55, 65
77, -74
54, -63
-47, 56
79, -92
19, 4
-60, -32
25, -48
-97, -51
-67, 33
-37, -91
-97, -37
52, -49
-30, -90
-84, -54
-43, 93
-9, -33
56, 72
-60, -33
-55, 59
-38, -91
-78, 3
9, 56
-43, 94
-12, 98
5, 48
70, 65
-72, 42
83, -53
-25, -6
-60, -82
-21, 43
23, -69
-82, 80
54, -20
-86, -90
32, 49
11, 98
26, -41
15, 30
-100, 64
94, -15
-39, 70
-58, -61
77, -79
95, 58
-73, 99
-60, -55
-32, -23
76, 3
-2, 29
98, 72
61, 42
-86, 22
-4, 96
68, 10
-31, -41
57, -88
7, 42
-55, 49
99, 78
-24, 1
-83, 87
98, 95
85, -76
88, -37
82, 77
-98, 76
58, 1
91, 80
-11, -12
74, -12
-65, 0
-6, 82
21, -6
-72, -64
-49, 38
91, 86
0, -70
44, -1
3, -7
-92, -39
-23, 61
-39, 97
-39, -40
80, -19
11, 69
69, 44
65, 25
-64, -52
80, -50
-62, 90
71, 36
96, 72
-93, -41
56, 82
-3, -83
1, -7
-82, -25
-65, 66
88, 57
-73, 65
59, 81
-5, -90
65, -68
-22, -38
63, 27
88, -50
-68, 11
95, -73
-84, -41
88, -89
98, -69
-60, 45
41, 27
32, -30
88, 92
33, 10
49, -56
-42, -83
89, 85
-54, 93
-85, -89
33, -65
51, 43
-14, 70
83, 25
72, -65
-40, -23
-62, 6
-28, -59
-60, -86
65, 75
93, 70
-45, 89
-52, 3
-85, -3
-57, 91
4, -75
-47, 72
-100, 40
23, -85
-39, -80
-40, 49
-19, 7
47, 32
71, 14
-90, 23
15, 29
-63, -5
-26, -84
-37, 54
32, -8
81, 65
-27, 73
13, 15
-67, -83
-81, 57
-77, -84
-81, 32
26, -1
-88, -99
81, 83
-46, 66
-22, 44
-84, 43
-16, -69
22, 58
-93, -62
45, -43
69, 36
35, 47
-4, -89
-74, -7
-35, -18
-97, 72
26, -21
50, -26
-4, -13
52, -23
70, -80
35, -77
3, -6
81, -72
-26, -93
-45, 33
70, -45
-52, -33
-53, -84
-7, -21
97, 24
-7, 25
80, 23
-77, 5
-11, 13
60, 94
-71, 16
83, -72
-12, 79
-53, -18
30, -3
-83, 67
23, 72
-12, 67
-100, 50
-31, -11
-33, 74
-78, -5
-30, 96
15, 47
-78, -55
62, -100
-42, 53
-48, 18
77, -82
6, 49
-86, -50
-85, 93
80, 46
-85, -2
34, -71
-79, -44
-67, 70
-19, 30
6, -76
-5, 32
-99, 98
26, 28
0, -42
88, -14
-15, 83
74, -20
83, 17
-52, 34
-58, 87
69, -60
-12, -91
-66, 26
-43, -61
-24, 61
-92, 81
-43, 55
-14, -10
-27, 32
7, 16
63, 83
-35, 93
-88, -81
55, -59
-90, 17
-86, -98
-55, 8
-73, -10
73, 32
-78, 38
32, 0
95, -28
-65, -64
-71, 57
48, -28
-28, 53
-87, -71
-41, 66
68, -9
10, 50
-28, 66
70, 56
83, 11
-44, -80
29, -69
36, 51
-77, 34
-4, -26
-36, 13
19, 25
78, 37
-19, -100
37, -17
-70, 9
19, 63
55, 8
-12, 90
-78, 88
-3, 6
-88, -37
9, 44
-45, -21
73, -96
61, 60
88, 1
92, -37
-82, -26
78, -40
-17, 96
54, -88
-26, 97
56, 0
47, -74
70, 92
-17, 16
72, 6
-50, 10
-80, -60
-14, -25
-35, 5
-33, 75
-80, -21
-71, -73
70, -20
61, -100
-12, -50
-1, -48
-43, -81
22, -5
87, 42
42, -86
-98, 57
-64, 26
-5, 58
-84, -33
31, 10
23, -41
21, -52
-70, -86
-37, -68
63, 49
88, 67
25, 93
-65, -91
-48, 34
76, 53
-18, -42
-29, 37
-21, -34
10, 21
-99, -52
4, 82
-25, 77
59, -80
37, -25
-71, -14
-55, -25
-5, -26
45, 24
-85, 38
70, -24
-88, 9
98, 92
76, 64
-50, -76
-78, 11
29, -22
-62, -4
-6, 36
-9, -80
66, -94
-21, 14
92, 98
-25, 57
-25, -65
-32, 9
10, 94
34, 61
25, -10
97, -21
-80, 53
29, 86
7, 97
50, -9
-1, -63
-18, -35
-61, 61
99, 13
61, 64
-56, -85
11, 20
67, 41
65, 70
45, 74
-88, -56
30, 54
-4, 62
26, 70
84, 42
77, -39
8, 84
-62, 29
68, -27
83, 20
-75, -10
-20, -96
-12, 69
76, -3
-23, -36
50, -52
-91, 82
-24, 63
14, 44
86, -38
48, 36
38, 33
-89, 37
18, -36
-9, 93
41, -57
67, 96
-78, -63
47, -31
-49, 14
88, -32
-27, 96
-45, 48
86, 96
66, 2
-16, -17
-66, -32
82, -78
71, -87
28, 75
-12, 19
1, 58
21, 18
98, 67
-62, 46
91, -53
-68, -17
-86, 19
7, 7
64, -66
66, 4
-77, -63
65, 82
-31, 52
81, -91
51, 78
10, -9
-79, -53
99, 83
-74, -59
81, -33
88, 48
-66, -49
29, -29
62, -91
-49, 90
10, 54
-62, -8
-74, -76
54, 59
73, -91
-5, 67
-82, -79
50, -96
62, -15
86, -82
59, -37
91, 74
-83, -71
63, -86
-19, -26
-57, -94
81, 16
-43, 18
-7, 39
-41, 83
-88, -41
-29, 4
-10, -42
12, 73
65, 71
77, 80
85, 79
66, -21
-88, 90
38, 52
-9, -31
3, 95
-24, -43
66, -81
66, 82
-67, -46
82, 48
-25, 84
-58, -80
97, 25
9, 41
49, -25
53, -15
23, -49
-67, 31
3, 56
-53, -74
-67, 51
30, 74
-55, -84
-41, 45
42, 68
-2, 82
50, 4
6, -29
51, 52
-39, 38
61, 25
-63, -70
-92, -44
21, -57
92, 28
96, 26
23, 38
-94, -59
49, -88
-25, -30
25, 76
-92, -92
-96, -69
-61, 41
74, 59
97, 74
-94, -72
43, -65
53, -96
-84, -37
-77, -51
97, -12
-89, -13
-31, 32
36, -2
-7, 62
53, 91
24, -52
98, 20
-61, 2
34, 33
74, 41
-13, 5
51, 60
-22, 71
-42, 90
-8, -85
28, 33
-75, -92
51, 64
97, -15
-46, 85
-52, 84
11, 63
-95, 12
76, 51
-93, 16
-49, -82
-49, -81
-40, -22
65, 88
-18, 71
-23, 78
-26, 21
51, -61
71, -33
-72, 28
98, -55
-32, 68
91, -28
-12, -95
-54, -57
43, -91
-63, -23
30, -51
66, -20
-54, 46
-17, 29
-62, -40
61, -64
-49, 19
-91, 33
-51, 46
90, 78
95, 87
69, 94
-54, -81
-31, -76
-82, -49
83, -39
75, 20
34, -50
2, 19
0, 85
-81, 24
51, 5
53, 42
-95, 68
95, 55
-17, -83
-63, -8
70, -62
33, -96
11, 11
-27, -42
33, -53
57, -23
-68, 27
-47, -42
-3, -16
38, 44
-72, -14
99, -13
0, -5
40, 76
43, 4
-6, -38
20, 84
-26, -50
63, -29
25, 19
46, -28
78, 61
-72, -38
79, 13
-30, 71
-23, -68
-55, -20
38, -3
-34, 53
52, 96
99, 62
-22, 14
-72, 78
58, 86
-21, -31
41, -16
-28, 1
-73, -8
-47, 60
37, 96
84, -98
-55, -89
97, -5
-30, 56
66, 8
-11, -36
-29, -26
-34, 80
-55, 93
95, -71
9, -17
-73, 12
-46, -57
63, -61
-44, 24
-82, 13
-31, 44
40, 5
-40, 78
-76, 51
63, -78
4, -61
67, -64
-33, -28
7, 77
26, 81
72, 55
10, -57
16, 71
-67, -17
87, -11
-57, 26
86, -19
-81, -57
-39, 79
97, -42
-60, -43
-87, -68
-93, -25
67, 6
-24, -63
83, -98
-44, 49
-51, 43
60, -80
-27, 83
-24, 33
21, -54
-86, 23
50, 23
-81, -16
-37, 91
-34, -10
-85, -42
13, 42
-23, 67
55, 36
-36, -22
12, 52
11, -73
68, -39
21, -10
25, -23
37, -2
46, -57
23, -86
93, 82
-98, -7
49, 88
92, 62
-15, -65
-22, 25
-23, -87
-83, 25
-51, 56
-94, -97
-77, 1
75, 55
56, -23
23, 18
-50, 8
-91, -17
-97, -21
-42, -25
-23, 82
-98, 78
-41, -31
-63, -51
32, 20
47, -19
-1, 60
-77, -2
-18, 94
-34, 77
-65, 91
66, 28
54, -69
-54, 88
86, 52
43, 68
14, 54
-77, -91
79, 93
90, -6
90, 28
97, -77
-18, -77
17, 10
-83, -47
-67, 14
-65, 82
-69, 94
25, -70
69, -82
22, -2
-37, -14
99, 63
75, 23
35, -15
11, 21
77, -43
-13, 77
-11, 63
-24, -2
-66, 30
19, -58
-26, 0
74, 73
-26, -3
-83, -61
68, 8
95, -8
-10, 98
38, 54
69, -20
-9, -52
86, -89
-46, 67
-71, 73
-82, -6
49, 86
-95, 93
29, 36
88, -8
33, -55
68, 18
-27, -48
-42, -79
-42, -62
24, -83
-81, -51
34, -63
-100, -77
62, -45
50, 81
-24, 13
30, -40
-67, 20
-79, -31
-16, 22
76, 72
54, -21
-80, 14
31, -4
-77, -4
-72, -6
-61, 56
98, -42
23, -71
-10, 20
64, -85
76, 91
68, -74
15, 64
50, 89
-79, -96
-60, 64
-1, 39
-88, -63
-92, 2
-89, -34
-75, 37
-41, 44
-45, 77
-37, -15
-59, 83
9, -74
60, -31
36, -6
-62, 69
-45, 92
-33, 58
84, 84
-79, 26
21, 80
57, -67
-72, -12
-59, 68
26, -7
12, 74
94, -21
79, 33
84, 20
-32, 88
-90, -89
10, -86
-97, 97
-59, 58
-24, 18
-7, 42
69, -13
48, -74
-100, -25
-4, 26
74, 79
81, 37
9, -25
-20, 76
-83, -4
-68, 12
24, 14
15, 0
43, 50
-80, 20
74, 89
56, -50
-21, -12
-70, 70
29, 95
99, -30
77, -45
71, 79
-81, 82
-73, 93
6, -40
-2, 62
22, -100
59, -59
82, 25
13, 6
14, 80
78, 29
-84, -24
36, -58
35, 46
-78, 34
-67, -43
73, -31
-48, -45
-12, -71
-97, -71
-7, -73
-42, -88
-76, -79
46, -99
31, -83
70, -59
0, 31
60, -52
-6, 79
45, 10
23, -99
-35, 23
70, 35
15, -15
-7, -88
17, -7
-74, 84
64, -49
-32, -89
67, -62
73, -27
54, -95
70, -52
6, -65
7, -34
-29, 49
34, 49
-57, -21
43, 20
-22, -31
-79, 37
-97, 66
47, 85
-89, 70
16, -32
73, 38
-28, 58
-99, 5
-46, -70
-7, -62
96, -40
-68, 59
-71, 20
58, 28
89, 76
-59, -10
-64, -59
50, -74
-87, 34
60, -67
91, -64
-92, 61
29, 89
45, 31
59, -79
-18, 53
-73, 82
70, 70
-85, 95
15, 19
5, -94
15, 6
80, -34
-77, -18
-100, 30
80, 52
35, 62
-82, -31
68, 3
80, -13
91, 68
78, -90
24, 45
-59, 76
53, 2
95, -5
64, 47
27, 59
-96, 39
43, -82
-79, -67
81, -84
-41, 61
-84, 57
-74, -61
-48, 61
-25, 27
-2, -47
-74, -80
49, 72
22, 97
-39, -87
87, 49
37, -64
-47, -10
62, 63
16, -35
60, -23
49, 60
-4, 56
89, -25
52, 94
-1, -8
-90, 2
-53, -49
26, 52
-46, 72
-98, -79
70, -47
-17, -84
60, -83
93, -87
-66, 83
-12, 60
49, -64
47, -100
-20, 84
-98, -50
44, 50
-47, -80
30, -35
-40, -26
-59, 50
-68, -10
-20, 26
63, -66
-78, 76
-42, -2
67, 87
37, -12
-89, 85
98, 35
60, 57
87, -98
-79, -40
-6, 15
16, 23
-52, 18
5, -90
38, -23
-46, -28
67, 73
-96, -78
-18, -37
-38, 37
-47, 54
-96, 4
-74, 38
-67, 85
23, -10
78, -9
-98, 4
34, -19
96, 32
-10, -13
-2, 42
24, 78
6, -37
1, 3
-40, -98
65, 31
-11, 94
-36, -32
-91, -95
66, -50
-10, -64
-72, 76
82, 84
-22, -43
-26, 96
-77, -21
10, -66
67, 90
-49, -48
74, -25
-26, 6
-48, 72
49, 11
-94, -49
32, -4
67, -99
12, 93
25, 72
-67, 9
-15, -29
17, -55
-28, 97
32, 57
-1, 88
-28, 43
61, 81
50, 88
-62, -38
7, 70
14, -75
68, 54
-72, 30
-87, 24
-49, 73
57, 54
-43, -96
-85, -100
78, 67
-35, -36
-13, -83
13, -66
86, 43
18, -13
-81, 36
57, 16
36, 66
56, -2
12, -38
-61, 36
71, -32
-60, 49
-56, -72
46, 75
-90, -61
80, 47
-55, -55
-10, 53
26, 12
37, -36
-42, -97
55, -38
57, 82
-7, 49
3, -46
-58, -9
-20, -12
-77, -76
71, 54
-24, 41
32, 1
-53, -77
86, 82
59, 64
-56, 48
27, -63
27, 94
34, 32
76, -5
3, -4
-73, -78
-15, -52
-59, -24
30, 16
-96, -84
53, -47
60, -55
-35, 21
47, 59
5, 93
-62, 97
-55, 63
-59, -90
-77, 16
68, 60
30, -99
-65, 34
10, 82
-94, 26
2, -80
-74, 74
56, 88
-9, 87
46, 9
6, 24
96, 68
64, -27
-97, 19
-80, -41
-95, -86
73, -46
-64, 90
-58, 24
73, 71
97, -35
40, -97
-97, -18
50, 20
-50, -46
71, -50
94, -30
51, 75
51, 89
11, -45
0, 65
-43, 42
-69, -67
-2, 63
-67, 39
41, 59
-8, -98
25, -27
-33, -21
29, -32
83, -47
-89, 56
-98, -54
88, 83
-32, 52
52, -67
-81, 6
-97, -6
28, 37
31, 89
94, -61
99, -3
60, -100
-86, 70
-20, -14
-68, 32
54, 38
-74, 64
62, 44
-2, -27
-22, -17
82, -61
32, 39
-52, 77
53, -62
-10, -86
-54, 83
22, -20
-26, -9
-33, -98
-8, -86
-53, -100
51, 46
-74, 55
-72, 55
-62, -10
-9, -44
-100, 48
-55, -72
-29, -82
-4, -74
88, 70
-92, -21
-50, -6
43, 85
-81, 70
-19, -62
-31, -56
82, 43
8, 51
-3, 52
31, -51
-2, 8
-20, -25
-65, -10
79, 2
-32, -93
87, -72
-65, -56
-56, -93
-20, -89
-44, 57
89, -36
-11, 26
-4, -5
-47, 84
56, 50
-84, -20
-39, -5
-4, -41
-72, 99
59, -86
-77, 37
-64, -32
-17, -28
92, -21
-56, -28
-73, -20
-62, -39
-73, -98
63, -69
45, -69
73, -88
98, 99
16, 0
-13, 6
-7, 18
8, 49
96, -98
-83, 66
-59, -1
-5, -56
-59, -94
-17, -87
-90, -77
34, 42
-80, -30
-85, -18
-5, -7
-5, -75
96, 9
72, -88
45, 4
34, -38
-36, -5
-5, 75
44, 68
-83, -65
-63, 42
-69, 37
-57, 70
-31, -34
-14, -27
83, 93
4, -3
29, -48
20, 97
95, -69
-75, -40
46, -15
49, 64
-92, 64
-35, -6
-6, -19
-39, 52
57, 51
20, 30
-60, -63
-9, -89
-80, 21
56, 30
45, 69
2, -3
-24, 71
-70, 29
14, 16
-73, -99
-36, -37
68, 47
-87, 32
96, -12
-52, 8
-81, 63
-40, 23
51, -51
-57, 55
93, 36
2, -90
-54, 37
41, 60
-76, -100
1, -81
-56, 13
-32, 44
-14, -4
0, 7
70, -67
-65, 85
20, -88
-7, 74
-75, 95
64, 55
-2, -19
-31, 77
-5, -30
76, -23
17, 77
-69, 28
61, -69
65, -48
43, -55
74, -75
-23, 94
-32, -55
-51, -20
79, 19
-25, -11
-2, 24
20, 65
89, 13
89, -33
-24, -72
-22, 80
57, 86
13, 34
57, -3
-62, 4
26, -65
-71, -21
20, -78
-64, 15
-27, 9
55, 66
6, -32
34, -3
-36, -19
16, -86
0, 53
10, 40
7, -51
69, 71
-52, 45
1, 67
-65, 96
14, 24
14, -58
25, -44
79, -78
34, 40
80, 59
79, 86
-38, -82
91, 47
-85, -70
-6, 65
91, 15
41, -53
16, 92
-76, 87
1, 8
-14, 24
57, 58
4, 88
22, 94
13, -89
23, -94
-57, 24
-58, -14
79, -22
-50, 85
-58, 58
73, -75
-33, -57
67, 23
43, 95
82, -60
41, -38
-56, -54
28, -3
33, -17
52, -82
33, 33
-29, -58
10, 64
-43, -38
26, 41
-61, 14
34, -18
-26, -68
56, -6
65, 65
13, -9
2, 83
-53, 88
58, 87
93, -19
27, -85
-16, 29
-51, 9
69, -29
2, 99
27, 70
-98, -34
-73, 85
32, 80
-99, -50
-26, 7
71, 34
-9, 17
-19, -88
-88, -3
-70, 28
95, -80
-96, -62
38, -91
-82, -84
-15, -61
-69, 17
-28, -55
76, -91
59, 38
-86, 63
50, -30
-91, -88
48, -63
-77, 60
7, 59
-60, -6
18, -11
-38, 41
4, -9
-44, -63
47, -75
77, -76
-55, -59
-16, 60
-85, 4
-65, 8
-93, -24
53, -59
31, 13
-54, 14
3, 67
-91, 32
-94, -28
-9, 28
90, -30
-41, 80
-33, -90
12, -14
38, -62
47, 92
43, -72
88, -68
78, 12
23, -21
94, -62
-31, -40
49, 87
0, -81
23, -77
-98, -20
80, 8
75, -61
95, -64
-23, -72
23, 60
91, 12
-85, 76
73, 74
70, -82
11, -98
51, -35
-84, -76
49, -4
-12, -22
71, -26
64, 21
33, 51
9, -77
89, -73
39, 28
-82, 93
28, 42
-52, -81
-17, -37
-42, 29
-3, 16
24, 82
74, 72
60, 7
43, -85
-61, 7
-55, -9
66, 39
79, -11
80, 2
19, 73
51, 23
30, 94
-80, -50
97, 95
1, -25
-4, 42
-6, 91
22, 92
76, -46
-30, -73
10, 98
11, 59
-75, -38
63, 50
-34, 30
57, -33
-55, 54
-17, 99
93, 13
3, -82
65, 8
-7, 32
-45, 45
-16, -21
-92, -23
37, 76
-18, -19
-67, 58
4, -36
-37, 81
75, 11
-34, -25
40, 84
-3, -3
50, 93
66, -53
0, 63
-81, -77
-89, -64
-78, -82
68, -17
84, -34
-35, 34
37, -19
-14, -73
-74, -44
42, 79
-56, -6
-36, 38
-20, 98
89, 28
19, -55
-27, -73
-71, -81
0, -2
53, 69
-78, -47
-42, -53
39, -8
-93, 4
36, -82
-97, -77
75, 86
97, -83
-37, 52
6, -89
-46, -64
21, -55
98, -100
-97, 52
62, -89
82, 87
-80, 11
25, 69
8, 72
81, 43
-45, -53
-7, 13
-27, 90
-9, 40
60, 22
99, 10
99, -21
99, -74
87, 51
-85, -29
-22, 70
-58, 68
-55, 86
35, -10
91, 35
-65, -92
14, 39
35, -84
-3, 66
15, -98
-73, 72
78, -74
-57, 33
-98, -81
51, 71
-88, -49
6, 87
69, -72
23, 51
-28, -62
12, 65
69, 27
37, -78
-87, -80
89, -62
-51, 85
-64, 66
-35, 46
91, 94
20, -43
-53, -29
-96, 95
42, 44
-54, -45
-76, 2
-58, 36
-69, 20
-50, -53
92, -3
92, 25
-72, -87
-8, 37
-50, -96
-99, 51
22, -66
42, 37
-40, -40
-98, 41
75, -100
65, -86
-9, -88
-45, -89
11, 37
99, -40
-34, -51
22, -82
76, -81
-14, 60
82, -55
-32, 11
71, -65
-76, -30
51, 95
94, -27
-23, 15
66, 52
-99, -38
89, 93
-17, -66
1, -89
-72, 33
-49, 61
-55, 81
-46, -46
-16, 76
2, -11
21, 4
-52, -19
34, -87
36, -85
-77, 98
80, -37
-41, 69
28, -8
-25, -77
-90, -63
-39, 81
83, -55
52, -44
-59, 91
-4, -25
2, 49
-63, -49
-46, -65
-15, 15
73, -69
25, 0
34, -99
-13, 43
-100, -27
33, -78
80, -30
-86, 59
-21, -37
69, 65
93, -44
95, 23
63, -41
-38, -76
2, -79
-48, -53
-85, -84
-57, -28
-25, -93
30, 63
-75, 85
87, -6
36, 83
-45, 24
62, 24
3, 53
-28, 4
71, -85
26, -63
-43, 16
31, -41
-53, 66
-5, 97
69, 97
14, 71
39, 58
47, -42
-49, 69
19, -63
-86, -88
-79, 8
95, -12
85, 25
-28, -99
-17, -6
-37, 55
-17, -32
-16, 84
-40, 57
90, 27
-42, -10
11, 58
45, -75
-66, 52
31, 19
-44, 77
-77, 10
-76, 33
28, -83
91, -15
-90, 20
41, -64
-70, -3
17, -79
-91, 93
-67, -92
74, 20
9, -57
-92, 41
0, -49
20, -80
76, 50
-34, 40
-98, 45
-49, -53
36, 18
33, -29
60, 19
-32, -63
43, -56
48, -8
86, 8
-11, -56
-92, -93
47, -81
-82, 38
-88, 42
28, 48
27, 81
30, 41
82, -24
-36, 33
41, -9
90, -93
8, 19
-68, -82
85, -63
94, -9
9, -62
51, 94
0, 72
41, -3
-97, -60
19, -82
53, -20
-97, -43
-12, 2
8, 97
-53, 41
-2, 53
17, -46
81, -37
47, 69
29, 80
-62, -80
28, -82
15, -40
-7, -24
-31, 16
-38, -10
-44, 53
80, -48
67, -59
-27, -83
-52, -74
45, -4
-33, -61
89, -18
52, 38
-63, 51
86, -69
78, 20
-57, 84
-66, 69
-35, 42
-2, -26
-72, 60
-68, -94
-21, -73
67, -63
76, -76
-45, -13
-86, -24
-94, 81
85, 19
59, -58
29, 22
-76, -12
-78, -80
0, -82
-81, -33
80, 34
75, -95
-43, -33
88, 99
-93, 59
-99, -3
-74, -72
-29, -19
62, -8
-22, 42
-54, -17
40, 48
-9, -28
-11, 16
61, 67
-46, 44
52, 17
-40, -86
-56, -5
-58, -35
52, 21
86, 48
-77, -57
35, -60
59, 35
-98, -22
-75, -5
67, -56
48, -100
59, 62
-89, 68
16, -99
29, 70
30, 34
-42, 73
-65, 60
0, -99
84, -29
-88, -83
86, -59
72, -39
-45, 52
-1, 45
55, 44
-32, -44
3, 0
-12, -19
76, -22
5, -70
55, 22
48, 25
-36, -34
-4, -85
-7, -23
54, 67
54, -31
27, 26
-34, -91
67, -33
28, 47
82, -49
4, -51
39, 23
-38, -66
-76, 66
93, 28
-100, -29
-67, -80
-7, -1
-68, -20
5, -73
27, -26
-7, -87
8, 81
-94, 51
-24, -28
-11, -86
-47, 49
-17, -33
-98, -21
69, 4
-15, 41
33, -15
21, 50
-93, -59
-10, 56
43, -54
57, -25
-75, 12
-33, 11
-69, -18
99, 89
69, -94
56, 55
80, 89
53, 4
87, 79
-70, 47
94, 4
20, 5
15, -27
-18, 25
41, 78
-65, 88
66, -38
36, 27
79, -60
-45, 63
-68, 24
-74, 33
52, 63
-91, 40
6, 57
-56, 75
-36, -35
-40, 73
57, -44
-63, 15
62, -92
95, -21
89, 32
-39, -32
46, 19
27, 79
98, 73
4, 57
-19, -5
17, 92
-79, -78
95, -75
34, -44
-44, -38
-98, 92
13, -48
-4, -32
-20, -86
93, 16
-52, 81
-78, -64
-39, -89
86, -78
-38, 27
-86, 72
54, 53
-48, 98
-92, 44
77, 73
33, -1
-21, 90
-45, 3
4, 51
-57, -80
6, -28
63, 89
-33, 42
82, -36
-55, -60
-66, -80
-51, 12
-83, 27
-29, -25
-6, 63
-55, -41
86, -24
31, -65
-56, 45
-53, -36
59, -69
79, 55
77, -89
-80, -52
74, 3
61, 27
96, 10
69, 25
42, 66
-47, 10
68, -6
30, 56
-94, 85
10, 31
-6, -8
-95, 83
67, -38
-86, -56
55, 15
-81, 9
-75, 32
19, -1
87, -89
70, -15
-81, -40
-39, -71
97, 94
78, 19
-41, 33
48, 1
-40, 12
86, 94
88, -76
31, 17
40, -45
54, 1
78, -34
-66, 25
97, -75
-78, -28
74, -46
96, 92
77, 39
-57, -52
-38, -5
-45, -96
-86, -5
87, 84
62, 87
-52, 58
40, -27
-56, 55
-8, 41
-91, 20
-37, -9
-100, -8
28, 74
9, 66
-63, 67
94, -77
-10, 83
-73, 30
-52, -65
58, -26
-64, 22
-8, -45
-5, 90
-26, 84
15, -38
17, 66
-27, -25
94, 60
84, -84
-9, 25
-85, -26
53, -49
51, -85
-72, 10
-77, 17
28, 68
55, 96
-75, -14
32, 42
-14, -6
3, -90
-11, -73
-63, -79
-4, 41
-57, 21
22, 83
51, 42
23, -83
-4, -76
-48, -56
-100, 38
-95, 13
63, 79
46, 95
52, 50
4, 2
-95, -84
66, 46
32, -10
-90, -8
-26, -30
50, -14
-19, -69
-92, 17
51, -83
35, 17
-99, 92
6, 65
30, 76
1, 24
-17, -96
50, 15
30, 43
88, -21
-90, 39
-51, -73
86, -48
24, 34
-96, 24
23, 7
-47, 36
10, 81
-5, -38
80, -89
-64, -22
49, -87
-36, -51
-6, -49
-87, -10
-88, 22
-43, 41
51, -49
16, 98
-68, -27
-1, 76
67, 85
93, 80
-64, -99
66, -97
-19, -78
75, 79
7, 63
49, 93
-40, -4
69, 95
52, 62
64, -100
-32, 45
81, 64
38, 64
18, -75
-21, 2
15, 28
-90, -64
-12, -69
73, 90
-37, -90
58, 24
34, 15
43, -84
-5, -51
2, -29
-1, -45
-53, 80
-74, 7
62, -97
96, 20
8, -68
-73, 48
59, -83
1, 62
-81, 51
26, 19
96, -67
-1, -59
84, 90
-14, 11
-100, -72
-25, 85
-3, -64
-74, -98
11, -69
-19, -30
73, 25
35, 18
-7, -74
4, -47
-21, 97
0, 91
-13, 97
-6, -7
63, -49
91, -74
-86, -19
-98, 58
-45, 6
-43, -100
33, 23
-6, -47
45, 11
-21, 9
-12, 28
-30, 16
-96, -59
72, 58
2, 45
54, -56
78, -75
-98, -97
-92, 31
-88, -7
-8, 74
-26, -38
-71, -44
-74, 58
66, -27
-84, -98
32, 4
55, -79
-10, 54
-30, -21
-51, 62
-70, -83
-51, -8
-19, 2
67, -48
60, -5
15, 80
-17, 68
65, -93
65, -31
-75, 2
23, -51
96, 39
11, -43
-38, 47
-17, 4
84, 76
-35, -57
72, 8
9, 43
-74, 65
73, 47
66, -99
-15, 89
24, -90
74, 77
92, -59
91, -61
61, 30
-17, -26
65, -46
-86, 10
79, -13
32, 46
14, -70
-93, -56
-63, -18
36, 63
29, -18
-63, 77
-36, 93
-40, -66
-34, 83
22, -14
-31, 12
-37, 10
2, 41
-15, -72
32, 97
72, -32
46, -69
35, -42
65, -3
-56, -43
-72, -71
-65, 18
17, 60
-64, 99
9, -11
93, -39
-49, -5
-15, 37
-44, -33
84, -80
-27, -63
67, 37
27, 34
-9, 62
73, 43
77, 46
-78, 2
98, -20
-1, -43
72, 4
-94, 90
-2, -62
87, -9
37, 22
33, -68
51, 73
96, -99
98, 52
-57, 57
-46, 58
-79, 74
-65, 54
65, -44
32, -44
70, 36
21, 69
-22, 76
96, -74
-81, -100
89, -81
-71, 69
29, 38
-52, -85
-78, 50
61, 21
-29, -33
56, 99
-73, -32
3, 4
60, -62
-10, -94
54, -85
33, 56
41, -81
36, -59
-22, -75
85, -38
-70, -57
-56, 73
-53, 7
26, -72
-49, -32
-22, -69
-92, -1
37, -90
-72, -40
-12, 15
45, 85
-21, 26
81, 57
88, 6
-52, -61
-26, -67
94, -55
94, 69
97, -31
33, -52
4, 83
-59, 81
41, 91
33, 66
-10, -78
8, 32
-12, 34
43, -16
45, 29
-96, 99
-93, -77
-46, -89
47, -10
-40, -41
42, 26
-80, 95
29, 51
-72, -99
-44, -49
39, 99
20, -48
88, -42
17, 23
67, -94
15, 48
-46, -84
-43, -91
73, -3
-58, -90
-68, -60
-82, -13
-49, 24
86, 29
-68, -26
-8, -75
-93, -51
75, 61
55, 51
35, -66
-76, 29
-94, -64
78, -31
-2, -78
-86, -51
61, -98
-44, 18
68, 95
54, -81
-41, -44
-79, -76
-40, 36
76, 17
-64, -85
-78, 61
-41, 5
-87, -47
89, 92
-60, -91
73, 34
-50, -90
43, 14
-19, 61
-74, 47
-10, 81
-62, -18
-58, -10
-38, -4
-99, -33
35, -81
92, 24
-36, 43
-72, 54
-22, 72
87, -27
-94, 8
-16, -6
-95, 97
33, -18
92, -43
62, -17
5, 54
83, -22
90, -62
43, -48
-84, -88
-13, -49
39, 6
-76, 6
-45, -26
-5, -21
-93, 60
-20, 72
-54, 64
88, 3
-47, 99
-89, 39
65, -24
32, 69
52, 90
-1, -72
-86, -30
84, -66
-52, 48
-7, 0
73, 96
70, -51
-81, -12
74, 24
32, -54
86, -45
-19, 33
-34, 88
73, 10
-75, 81
-66, -35
47, -92
-24, -71
46, 91
-69, -13
-92, 23
-64, -81
-21, -89
-44, -100
-34, -47
18, 39
0, -95
86, 63
-33, 97
95, 20
92, 43
-47, -55
-62, -74
1, -18
56, -8
25, 7
-40, 9
95, 10
-28, 64
-31, 4
-12, -82
-70, -12
-66, 78
-96, 1
60, 34
75, -31
-36, 25
-35, 86
10, -33
63, -92
35, 45
36, -22
-30, -45
-70, -27
3, -16
97, 66
14, -23
-48, 24
-34, -43
-75, 14
-1, -20
38, 14
22, -76
-17, 56
87, 82
34, -90
-99, -7
-90, -84
96, 65
14, 50
-54, 60
-82, -65
4, -35
21, -100
39, -17
-55, 43
-55, 68
91, 70
25, 62
29, -76
-49, -79
45, -100
-32, -11
-68, 42
-96, 90
85, -70
-6, 88
-94, -16
-82, 19
-1, -14
-95, -23
-17, 24
-77, -42
14, -41
-81, 94
3, 27
-99, 71
82, -96
-42, 83
-34, 76
93, 34
22, 18
-78, 16
71, -82
-80, 59
-54, -71
-70, -99
-56, -80
59, 4
-26, 51
72, 56
44, -4
-88, 68
-74, -14
-13, -93
71, 1
91, 40
-76, 63
74, -94
-64, 29
23, -18
58, 32
-77, 84
72, -6
31, 55
97, 88
-56, 46
-47, 48
-66, -5
-6, 92
-2, -96
58, 52
-15, -82
-91, 2
-37, 97
37, -38
48, 92
13, -30
31, 65
25, -29
33, 35
-22, 12
4, -56
-29, 5
3, 17
-92, -3
-22, -57
-51, 74
-94, 58
52, -2
-33, 84
0, 67
-85, 23
14, 0
70, -87
-17, -39
24, -95
11, 90
63, 38
40, -70
-72, 17
-77, -86
-98, 85
-100, 59
-14, 35
-25, -16
-51, -91
-15, 17
71, -37
-22, -63
-81, 88
-77, -15
53, 55
-44, -81
-64, -87
62, 34
-86, -25
67, -61
50, -79
59, 51
-70, 32
14, 29
94, 87
79, -2
61, 80
-74, 91
44, -76
87, 94
-36, 54
-76, 39
62, -58
-18, 19
-30, -32
-75, -99
-95, -68
36, -47
1, -95
78, 72
48, 49
49, -91
-22, -5
28, -23
-26, 24
-37, 60
-32, -29
31, 37
83, 83
57, -85
-14, -14
-61, 82
30, 53
-66, 84
98, 87
49, -30
-78, -27
37, -79
-69, -10
39, 33
-47, -60
58, -33
14, -55
-21, 42
41, -74
63, -9
-89, -63
-37, -88
-55, -33
43, -30
-31, 75
-42, 16
-20, -63
77, -70
90, -58
77, -23
-71, 75
-22, 34
-62, -2
-61, -79
-91, -48
-40, -76
74, -47
-25, 3
-18, 65
-21, 38
56, -72
-69, 57
-93, -97
31, -92
-4, 88
-70, -6
39, -71
-22, 81
40, -25
2, 75
-95, 35
78, 15
14, 10
-90, 42
98, 80
7, -76
-26, -60
-27, -30
57, -64
18, 76
70, -18
67, -20
87, -100
-63, 96
-50, -58
88, 95
-67, -86
-71, -33
-20, 0
-39, 42
-57, -90
64, 12
-26, -56
44, -70
53, -83
-3, 95
-76, -80
91, -47
48, -97
22, 69
-17, -73
-27, 6
-81, 52
-93, -26
99, -89
76, -1
-31, 23
-28, -21
75, 98
36, 69
-71, 45
-65, -55
-49, 76
82, 5
57, -63
-57, -59
83, 72
-68, -96
-88, 94
-20, 16
-99, -25
87, 71
72, -2
-96, 61
90, 63
-21, 5
87, 24
17, 55
22, 87
-15, 97
65, -43
13, 78
35, -32
-74, -64
-96, 62
53, -86
62, 69
31, 14
78, -97
-17, -21
-43, 6
71, -17
-81, -26
30, 49
56, -67
34, -91
-35, 16
-23, -7
30, 70
-30, 1
-49, 31
92, -86
-98, -53
47, -59
-56, -63
53, 95
76, -2
95, -59
76, -8
-14, 6
62, 67
86, -77
-77, -71
80, -46
-27, 33
35, -18
-50, -84
13, -19
-25, -56
-27, -22
-2, -70
-14, -51
-4, -99
-54, 95
38, 22
-26, -18
-47, -9
31, -72
30, -1
-18, -83
23, -32
-50, 1
69, -56
-29, -11
65, -99
17, 70
-50, 20
61, 77
-71, -65
-34, -95
92, -54
51, 77
44, -8
15, -96
-87, 8
-71, 17
-41, -28
62, -49
84, -24
67, 24
-48, -43
57, 24
-79, 32
-60, -67
42, 13
-14, 69
-61, 13
-56, -70
3, -49
-53, -51
-76, -40
75, -74
19, -86
-12, -99
9, 24
-99, 11
39, -31
-99, 82
27, 92
87, 17
-86, -6
79, -4
-9, -41
-33, -41
-57, 38
-26, 66
35, 61
-74, 22
99, 48
-16, 54
-28, -63
78, 40
-26, -59
13, -77
6, 35
-72, 75
39, 39
98, -35
-27, 85
21, -44
91, -36
58, -43
-99, 93
96, 30
97, -49
-79, -52
-56, 90
-46, 86
-65, -52
-48, -77
-77, -60
-6, -51
65, 0
75, -59
-10, -72
-39, -65
95, 47
37, -4
-37, 57
27, -70
71, -67
62, 88
-36, 61
-89, -94
68, 7
-60, -59
20, 22
-16, -63
-42, -41
-73, -24
97, 14
2, 38
-93, 37
-99, 44
-79, -48
-37, -4
83, 52
75, -57
99, 72
39, 70
53, -18
-41, -91
42, 75
-31, 46
62, 55
-24, 40
0, 50
3, 36
-6, -97
45, -32
-80, -48
13, 86
-29, -56
-67, 0
-12, 46
-4, 39
23, 41
-86, -54
-56, -21
98, 70
-62, -57
50, -68
43, 24
2, 76
97, -92
81, -39
-8, 92
4, 96
80, -100
94, 5
-13, -36
-9, -40
48, -41
-92, -33
58, -73
46, 43
-30, -38
-52, -18
-53, 27
65, -92
61, -13
8, 90
32, 52
-63, -30
95, -22
13, 44
55, -41
-87, -21
29, 87
-30, -91
9, -9
34, -26
-76, -85
-95, 62
71, -2
-53, 84
10, -69
-29, 28
37, 17
-65, 24
54, -32
-39, -68
72, -76
-34, -96
91, -19
54, -4
6, 96
-18, -75
39, 36
-85, -33
14, 32
43, -96
-23, -11
-35, 28
-68, -25
87, 89
24, -39
77, -10
-68, -47
-3, 80
-31, -24
98, 89
97, 57
41, 52
-56, 83
-90, -17
33, -23
46, 55
79, 83
-53, -94
-62, -76
-17, -69
50, 39
-98, 2
34, 2
-38, 78
-53, 39
-25, -99
-92, 49
61, 58
-46, 81
-67, -34
44, -28
-40, 70
97, -65
45, 95
74, -76
47, -78
-5, 71
-16, 55
77, -100
-33, 81
-43, -76
-27, 1
-25, -26
77, 69
99, -76
35, -37
73, -79
24, 27
-64, 67
-55, 82
82, 58
18, 92
-92, -46
-61, 49
-63, 90
-58, 33
82, -70
-25, 70
99, 7
-43, 36
53, -54
-36, 76
14, 26
-79, -24
47, 37
57, 89
50, -58
54, 44
69, 24
-25, 91
91, 31
54, 96
42, 99
-21, -40
-88, -84
-21, 47
-17, 85
-86, 40
-80, 56
-59, -50
37, 35
-2, 95
69, 6
86, -44
54, 39
41, -23
13, -56
-12, -15
64, -29
97, -56
38, -56
17, 9
9, 5
58, -66
26, 86
-11, 73
-27, 49
-54, -78
-47, 27
-69, 12
51, 54
9, -76
-10, -76
-29, 58
50, 6
-83, -87
61, -95
97, -10
-82, 36
63, 54
4, -100
-47, 87
-44, 72
-51, 59
43, 5
13, 16
-55, -1
-53, -42
-80, 75
19, -52
-61, 12
-89, 53
-81, -82
-20, 19
-7, -93
-19, 95
67, -86
68, 26
9, 82
-60, 40
13, -80
20, -68
23, 95
82, -4
88, -58
-44, 21
9, 78
71, 22
36, 49
-73, -77
50, -11
-77, -24
98, 29
52, 93
-21, 56
-86, -55
27, -33
-29, 65
-63, -58
71, -61
-49, -100
71, -69
24, -70
83, -62
-93, 26
-46, -30
-49, -12
-89, 41
-69, 47
-31, 51
-53, 83
-13, -54
31, 77
-44, -89
16, 37
-18, -81
46, -37
-85, -76
79, -65
-55, -26
27, -79
98, -50
-23, -26
40, -51
34, 39
-53, -98
-63, 62
44, 0
40, 97
-93, 46
-26, -71
17, -31
-23, 52
-100, 17
-89, -20
-51, 2
-41, -32
14, -73
-12, 30
88, 44
30, 95
-58, 5
-89, -37
-75, 46
-10, 91
66, -4
-95, -13
61, -2
3, -80
35, 96
-87, -29
2, -97
11, 15
30, 80
-61, 50
97, -8
-46, -60
45, 0
-30, -46
-98, 90
10, 39
79, -12
97, -22
49, 46
-27, -10
30, -31
40, -30
5, -25
-64, -14
54, -97
76, -86
24, -17
-95, -11
-80, 91
-69, 77
-59, 89
-37, -65
-21, 48
94, -12
-53, -33
-59, 25
-13, -94
-58, -24
-57, 14
67, 38
74, 15
51, 86
65, -57
-62, -11
-97, 70
4, -64
-31, -64
88, 64
47, 96
-77, 11
-99, 69
86, -91
56, 45
-68, 56
61, -77
-39, -59
-46, 74
-67, -14
-34, 41
-87, -97
-61, -37
66, 6
17, -18
42, -90
59, 41
-11, 70
80, 62
86, 78
-79, -65
-76, -46
-84, 80
-98, 91
36, 64
32, -93
-49, -52
54, -37
89, -51
-38, -86
13, 46
-37, 38
93, -32
-89, 78
52, 70
-71, 10
-5, 66
-5, -14
-25, -24
-32, -49
-54, -84
33, -77
-15, 25
-72, -50
42, -94
8, 93
-100, -78
-25, 13
-54, 81
65, 98
10, -63
-29, 17
91, -79
48, 59
-33, -67
-34, -4
96, 18
50, 83
89, -82
5, 10
-69, -100
19, -6
74, 37
-22, -28
-57, 8
-61, 33
25, 1
-7, -20
-3, 36
-65, -65
11, 70
-58, -48
-27, 7
76, 24
35, -90
-93, 99
48, 99
-89, 96
46, -26
96, -3
-67, 63
-60, 96
-73, 42
-58, -69
89, 42
0, -36
12, -18
-90, 96
-8, -28
24, -47
94, -4
72, -99
57, -72
-51, 73
-73, -76
89, 73
-25, -21
-47, 59
84, -1
74, 46
-38, 66
-99, -63
-66, -86
53, -33
-87, -94
-95, -47
4, 39
-37, -42
87, 13
51, 40
-46, 68
41, -44
67, 3
34, 46
24, -51
62, -56
-82, -86
-68, -21
-90, 53
-2, -45
52, 97
-5, -67
-79, -70
72, -31
55, 95
97, -1
11, -10
9, 53
-38, 83
46, -81
77, 2
-40, -42
15, 12
-60, -74
-93, -11
94, -100
-22, 43
-91, 37
-100, -38
-52, -17
79, 4
-6, 69
43, -39
-67, 2
-30, -94
1, 59
7, 73
31, 28
77, 52
66, -100
-59, 94
-94, 27
17, 34
-54, -65
57, -53
-36, -94
-68, 85
45, -74
-58, -96
-83, 57
88, 73
-87, 44
-100, 69
-100, 63
30, 90
-20, -81
32, -11
-11, -61
-28, -75
-96, 14
10, 7
-33, 45
26, -56
10, -37
-89, 57
57, 87
-47, -4
-50, -9
84, -99
-83, -74
42, 92
20, 33
97, 7
11, 93
-99, 86
25, -51
35, 99
98, -4
36, 25
6, -11
-95, 74
-57, 28
87, -23
1, -85
-6, -53
-76, 77
-37, 33
-60, 32
-84, 16
-87, -51
-16, -84
78, 38
-82, 87
-65, 31
-89, 84
-52, -77
36, -88
50, 16
23, 20
12, 97
-40, 39
-54, -75
58, 64
-36, 88
19, -70
-47, -58
-29, 68
97, -96
74, -54
-88, -26
-62, -42
-69, -17
-48, -72
-4, -4
6, 76
-38, -99
-70, -55
-78, -87
-6, -100
97, -93
-38, -65
-28, -72
-80, -78
44, -6
24, 40
93, 40
-99, -61
72, -5
-99, 30
-48, 36
4, -93
64, 98
69, 32
-10, 44
32, -53
96, 91
13, 79
25, -57
36, 87
-64, -70
-50, -98
70, 49
-94, -58
66, -85
80, -95
90, -31
15, 86
-61, -70
48, 29
-98, 53
5, 87
96, 74
97, -32
55, -51
-37, 93
-33, -7
-67, 24
36, 13
-51, -26
-39, -45
-57, 0
92, 93
30, -37
-28, 89
18, 79
60, 62
11, -15
23, -88
-3, -19
-25, -73
-12, 58
68, -55
-4, -22
86, 95
-72, -5
35, -88
32, -9
26, 33
-94, 89
14, 6
49, -71
-70, 77
60, 24
19, -87
-15, -94
74, 48
-81, 35
-88, 62
-74, -68
-64, -89
96, -21
-94, 35
-52, 80
-27, 44
-2, 18
19, -49
79, 65
-19, 24
-18, -6
-16, 5
-81, 41
12, -3
-97, -41
48, 15
-35, -23
70, -91
7, 28
-7, 14
-79, -93
94, 48
5, 15
-60, 94
91, 39
49, -20
-90, 9
26, -98
-3, 41
19, 26
-60, 21
53, 17
-91, 0
-10, 1
-15, -19
30, 17
21, -96
12, -70
-10, 27
-89, -21
-38, 2
-50, 59
-12, -53
-91, -33
85, 35
-66, -24
72, 40
18, -61
13, 67
24, 50
51, -37
11, -65
-26, -81
94, 78
-22, 3
-52, 19
-58, 80
-85, 33
-69, 3
60, -61
-45, 76
-93, 76
54, 86
90, -81
-40, -87
62, 81
-59, 46
44, -86
-4, -90
-89, -8
-13, -27
70, -56
53, -34
47, -79
89, 74
-1, 91
41, -52
-21, 45
-58, 3
-10, -49
-48, -16
-71, 36
-83, -41
77, 77
-86, -26
24, 63
0, 54
-29, 8
15, 14
-30, 14
80, -97
33, -11
-30, 99
-20, -16
-77, 13
53, -77
76, 15
3, 37
-31, -51
89, -99
22, -46
-39, -14
9, 91
-11, -55
-48, -75
18, 75
31, 36
-73, 47
44, -68
-14, 13
7, 8
-22, 84
-11, -7
-14, -98
44, 86
-86, 97
-79, 0
-29, 12
-98, -13
21, 98
-68, 13
-68, 44
-10, 96
15, -79
-77, -31
17, -100
-28, -14
-88, -93
67, 53
-45, -27
-29, -99
-10, 12
21, 33
-74, 86
-63, -47
-24, -7
68, 71
-63, 44
15, -71
91, 88
-19, 79
-36, 95
85, -42
34, -14
-57, -36
-8, -80
-83, 69
-19, 91
40, 61
90, 96
-33, 41
-66, -76
18, -62
-94, -69
88, -46
92, -65
-94, 55
86, -34
-49, -28
-58, -49
33, 83
-15, 42
-10, -97
75, 43
20, -47
44, 63
25, -8
7, -3
-11, 72
-27, 38
-7, 59
-28, -32
63, 56
-57, 69
-60, 51
29, 6
-46, 50
-95, -91
55, 73
-86, -13
-87, -85
-52, -88
-48, -6
-99, -53
17, -91
-2, 13
-68, 80
-68, -92
91, -55
-15, 53
70, 12
44, 8
-17, 23
21, -73
-34, 74
67, 55
0, 20
74, 4
-12, 37
68, 92
-85, 65
34, 31
24, 79
-78, -44
56, 74
-76, -50
4, -22
43, -76
-37, -63
98, 94
-81, -1
37, 57
-86, -69
-25, -14
-7, 23
88, 52
-34, 48
-34, -83
-64, 4
70, 34
9, -20
-1, 11
-100, 73
-76, -6
16, 3
-60, -92
-16, -62
-45, -5
-88, -87
18, -91
-94, 68
6, 99
68, -73
-89, 82
-53, -76
51, -4
76, -98
81, -59
-1, -5
99, 8
28, 60
84, 22
49, 14
2, -38
-85, -64
97, -98
44, 35
-19, -57
-16, -10
-68, -56
94, 72
37, -81
31, -79
43, -5
22, -18
48, -15
-78, 57
25, 11
-80, 65
78, 69
-26, 54
67, 86
-93, -4
92, 61
-85, 80
66, -42
70, 75
-3, -46
60, -99
-96, -58
3, 79
46, -50
-74, 82
52, -95
83, -67
-71, -88
-41, 16
50, 8
95, 16
-31, -55
-14, 52
-15, -78
61, 36
-73, -100
-35, -5
38, -88
-4, -83
-75, 58
6, 72
47, -14
-51, 84
6, 70
48, -30
-21, 4
-30, -70
72, 84
-99, 16
82, -44
5, 27
-64, -57
0, 26
-10, 52
-22, -99
-23, 57
80, -63
-16, 42
55, 87
17, 88
31, -25
98, -22
78, 94
59, -96
-32, 34
-69, -6
-23, -77
-43, -17
93, -79
9, -88
-33, -88
36, -45
26, 46
-17, -35
-52, -93
-89, 69
-27, -34
-38, 46
44, -7
37, -29
-33, 53
30, -91
81, 69
-13, 11
35, 72
-37, 5
-65, -4
-73, -43
84, -55
30, 61
-44, 45
21, -35
86, 39
39, -50
-97, -39
-13, -69
87, 92
87, -12
4, 74
-10, 26
-96, 48
-33, -100
-19, -83
90, 90
-70, -58
40, -1
-25, -64
-65, 5
20, -3
-60, 90
-4, -93
-46, -91
72, -72
63, -85
82, 79
70, -74
33, -5
12, 33
85, -66
-88, 27
13, 64
36, -84
97, 77
90, 99
-61, -89
89, -19
45, -46
32, 62
23, -61
74, 28
61, 45
11, 67
-31, -54
-43, -50
63, -73
96, -33
-93, 54
18, -47
27, -98
-10, 55
53, -60
-11, -30
72, -49
-99, 40
43, -60
16, -63
53, -73
61, -82
49, -45
79, -62
-36, -71
-25, -17
-21, -100
-79, 64
0, -7
-43, -99
-98, -74
-45, 59
61, 40
-81, -89
-36, 7
-34, -97
33, -6
63, -95
-87, -83
-84, 2
-16, 89
29, 24
-76, -68
16, 16
-46, -42
-70, 80
40, -58
7, 99
-15, -89
-16, -52
44, 19
72, -79
79, -84
-73, 18
88, 7
-40, 50
98, -16
-33, 25
-28, 62
95, -26
78, 95
73, 12
22, -32
21, 55
-63, 88
12, -83
-20, -38
-62, -65
32, 79
-1, -16
-31, -47
-16, -81
57, 91
-67, 60
18, -82
-29, -70
-29, -22
-8, 67
37, 33
-88, -34
-73, 17
-43, -56
-94, -53
44, -85
81, 68
57, -31
-40, -83
-5, 15
-60, -41
-53, 62
-94, 24
-94, -76
57, 15
-19, 10
-37, -70
-70, -38
51, -96
14, -9
4, -2
74, -24
-43, 80
-32, 20
15, -14
-29, 11
47, -44
70, -90
-72, 71
-79, -61
-9, -97
7, -94
16, 63
-16, 73
53, -39
-34, -65
-67, 30
35, -58
19, 91
-49, -1
26, 85
-100, -86
-82, 17
-54, 10
16, -24
-20, 71
62, 71
80, -14
75, -34
92, -51
-20, 5
-80, 50
-71, -95
-84, -97
30, -22
-15, 69
5, 13
-97, -29
81, 46
39, -95
62, 60
43, -45
-62, -83
-84, 64
47, 15
-65, 2
7, 15
60, -42
-53, 34
-4, 87
13, -8
75, -48
-43, -30
-84, 49
-16, 3
47, 18
46, -86
-64, 44
-74, 21
27, -90
80, -54
75, -96
-51, 4
-80, -3
15, 70
94, 95
-58, 76
96, 99
-68, -19
-90, 7
-19, -42
90, 16
-66, 61
48, -68
-19, -44
79, -72
5, 2
-74, -85
-32, 42
-47, -53
69, -53
-21, 60
-74, -49
45, 84
-23, 21
-36, -33
-97, -42
-69, 80
21, -58
14, 48
44, -10
52, 84
-41, -17
47, -84
-55, -39
60, -16
88, 25
2, 65
-16, 37
-86, 57
88, -88
-71, 47
71, -4
88, 61
-44, 37
32, 91
60, -96
84, -35
-40, 86
-54, 71
58, 66
20, 47
49, 7
40, 25
48, -9
-78, 22
-69, 0
31, 81
46, 40
21, -30
75, 97
11, -29
98, 83
24, -85
1, -66
-27, -98
17, 12
53, -91
52, 35
-44, -20
56, -38
-100, 89
-20, 73
76, -84
60, -70
-77, -77
4, -70
-30, 87
28, 10
16, 12
1, -60
80, 82
66, -6
-16, -51
95, 82
-57, 25
88, -57
-41, -22
-20, -97
47, -51
93, 71
-71, -43
53, 0
88, -24
21, -95
0, 84
92, -27
-62, -86
11, 97
-16, 78
47, 19
47, 73
57, -57
37, 52
39, -94
55, 4
64, -34
-72, -54
91, 98
-65, 43
50, -62
-39, 35
27, -20
2, 9
19, 85
-45, 4
-86, 1
99, -23
-68, 63
96, -8
84, 92
-40, 24
81, -75
81, 71
-75, -4
21, -13
-12, -33
34, 58
-27, 81
-46, -14
96, -4
-88, -62
87, -96
61, 11
-55, -67
-95, -6
-59, -54
-74, -82
-22, -89
82, 75
24, 62
-81, -72
-100, 77
73, 65
-51, 69
-86, 86
31, 40
67, -15
-14, -2
36, 74
-98, 28
82, -72
4, -1
54, -34
81, -69
25, -98
21, 28
85, 26
-27, -68
66, 32
-83, -11
-26, 10
83, -23
70, 37
-28, 75
-31, 81
84, 52
1, -47
-55, -43
-63, -9
21, -80
-39, 98
-47, 96
-71, 22
53, 93
-100, -46
88, -4
-7, -34
40, -49
-89, 55
60, 6
-81, 67
-6, 45
95, 79
94, -26
21, -94
61, 76
-40, 61
-91, -70
-93, -31
28, -50
83, -1
-43, -52
-42, -67
58, -41
-97, 65
92, -81
-38, 74
1, -9
-57, -49
47, 74
-41, 53
26, -100
33, -57
-50, 61
-26, -36
97, 5
-28, 63
33, -43
-93, -1
-76, 44
-49, -43
78, -62
-89, -71
-73, 51
55, 32
37, -9
36, 71
20, 73
26, 32
-72, -85
-26, -76
-19, -94
-18, -74
-5, 52
-88, 74
31, -80
-22, 96
-82, -52
-45, -40
6, -90
-4, 24
-96, 69
81, 72
-41, -66
-54, -68
-19, -46
54, -29
30, -48
85, 67
-49, 21
14, -28
-36, -81
32, -23
27, -93
7, 4
92, -82
90, 92
78, 24
0, -17
-69, 8
74, 92
-71, 56
20, -63
-3, -42
76, 97
45, 70
-23, 2
60, 77
91, 18
-77, 50
-15, -86
-8, -54
4, 12
-31, -8
86, -23
-90, 87
-22, 54
-51, -68
-9, -39
99, 88
-10, -44
-58, 10
-40, -6
-72, -27
28, -100
97, -53
94, -66
-1, -73
-89, 51
-15, -70
-73, 0
56, 49
84, 62
-13, -53
-3, -47
-91, 48
31, -74
-93, 1
-6, 3
43, 44
-31, 15
7, -5