16069
8506
19076
2828
16948
1647
16192
13439
10844
3628
334
14095
393
9173
1894
9100
19574
7606
13371
13221
19564
7873
2166
1856
953
18451
4079
11785
16816
15092
18248
14535
17206
2237
14021
3626
4880
13236
16875
14561
12614
2707
3924
17832
20
4679
6541
7646
3981
14452
13676
10068
9580
13366
18449
6562
19129
450
17655
3476
6933
4075
15319
12833
7042
17792
282
19452
16785
8498
9785
6563
8649
11476
8947
3445
17489
2299
1994
13825
11322
2021
3354
10009
8908
2326
10871
7333
13932
8381
17442
6996
1766
16661
14023
7822
4029
16583
17174
17381
5452
15949
1117
10121
4984
5457
15838
17722
9204
9812
14450
9784
14704
1899
4250
17815
12448
13284
1917
1647
3652
14822
5667
9583
11449
8374
15884
13297
3451
7030
8110
2345
8853
10216
682
663
19591
11056
8938
18908
13874
10743
15801
4104
6468
17484
18974
2674
9275
5
8503
19714
2839
19939
5390
17992
10912
3251
15546
16719
17456
18801
8341
556
10143
9319
3573
17264
5194
10612
10826
8349
14751
19655
12083
2582
19144
17994
10685
14414
18897
2748
12473
18722
280
19511
13496
17155
14384
19152
17765
16716
8945
4764
2976
18450
18399
8207
17843
14041
14293
5344
18546
17027
3663
18345
4404
2371
16849
9227
18248
13456
1048
3182
11798
5077
11994
7173
12020
1669
4348
4752
4961
3916
3024
1531
4001
4640
11913
8612
16374
15862
2685
1274
1783
19345
10293
9217
18512
13206
9620
2993
8885
18331
706
4766
15812
17150
14324
6899
12214
305
16665
3000
9730
1522
19747
17714
19343
11161
13168
3529
9235
11019
7765
18437
1036
18284
18662
4145
4954
5617
16292
3298
792
3411
10307
5713
1141
10624
2967
19684
2355
651
5563
9899
1692
3940
4413
773
6459
1250
19209
8835
5758
4572
1809
17668
5990
17815
17910
17824
9768
18809
19509
16609
6884
4893
9073
10251
17087
13536
4952
11548
17471
3128
13973
8813
6594
9476
9970
2521
1499
12765
3560
7637
18859
1484
1797
10685
10232
2902
11224
14704
2924
2962
91
11569
4877
17116
1277
5167
15348
12833
76
19134
9164
13242
12796
1860
19626
16630
15222
1328
419
13680
832
9188
19086
1248
17861
7731
11574
14189
2721
13253
17436
4832
5418
15640
2952
9972
11646
7361
7433
18057
17158
4048
2769
5111
19972
593
166
16352
18782
10287
17414
11327
4774
16755
90
18652
1925
10282
10613
12033
4228
3684
17034
4007
13527
6585
8232
12745
17926
7622
883
5594
14233
19381
16351
17811
15904
4603
747
7748
8828
3962
2488
15596
12526
11943
10053
5220
7673
6854
297
15221
9206
6769
5451
8938
16629
8056
3553
12000
18698
18114
8708
3577
13692
10257
1772
11920
5861
4804
19213
9896
10374
18261
12814
14013
9739
2563
9121
11259
5302
2923
13732
9037
11979
5999
628
19982
2231
14744
1512
10364
5662
7032
12113
4778
1216
10344
2060
6324
4135
18416
16032
13325
19279
14437
19579
13461
1778
6828
1988
3175
18415
10301
1244
11662
12214
6371
10519
6679
19091
5151
15984
1121
3861
15084
7374
12849
5210
5086
18001
15202
19897
12164
2104
18682
4715
8908
8627
4856
2134
6629
14592
6794
8536
10624
16485
8027
1197
2864
4776
1224
764
7568
19982
7475
5572
13731
9646
81
12735
12663
3890
5151
8336
19043
8073
338
11086
1680
18347
3403
1645
11731
427
553
18117
16536
10034
9432
15105
10010
9789
13479
1287
19215
6389
10199
2943
8897
8231
4048
11329
17207
14368
14382
1599
14130
5895
4600
4748
1651
2295
11793
3849
12922
7447
3751
4682
17801
2999
489
10089
3175
14185
7446
13862
2112
15162
12784
14297
10089
524
1296
182
1506
5713
4883
12444
4085
1094
10993
9242
6746
7305
11822
10206
15261
10937
1962
17244
19703
15273
11827
4343
17016
3104
14010
10863
6695
12336
4035
7431
19456
1072
16149
18001
15612
1049
18290
8505
13807
19033
9889
18155
15530
16215
8007
9825
14880
12389
11156
5613
966
12027
12953
12928
4980
12117
1495
4948
14056
8331
7218
18332
8137
16617
10213
3878
8585
938
1199
13866
12196
10934
5228
12722
11877
9845
5022
11622
1160
11631
746
1043
7482
19457
10751
7703
6780
6142
6000
16907
13095
19008
12195
8781
12553
19881
10754
394
8845
5083
6895
10308
16953
10383
2389
837
13713
4406
13497
11937
6233
17674
13583
2593
9335
15120
13673
11889
2327
1773
16043
4743
3592
14946
4921
10190
14340
2053
16017
9583
2252
1277
19221
5851
2130
16762
1409
2552
9520
19118
13404
11877
19862
11052
13929
1995
4449
16444
1564
16098
1063
18135
7786
19357
16079
901
5465
11859
9276
16721
15766
13035
11499
14534
2054
10275
13778
3753
2516
4157
9736
8306
3785
6471
708
13928
17914
6949
14589
16791
6587
19805
19376
9393
113
14303
15744
10782
16102
11823
10808
17089
16181
10384
18636
12650
16197
10639
1054
7473
6066
15369
5916
1941
13862
7194
18374
6161
903
17635
11757
6872
10731
19959
4503
11309
12998
258
14079
10785
5092
6583
13498
1001
16210
3572
10804
4507
2006
15668
6361
19686
17631
7537
4783
7020
16822
1715
1024
221
11124
6938
7766
9104
10766
17476
13663
3808
11116
859
6320
16417
6199
16254
5542
11005
2864
6922
18152
368
381
9061
10951
18876
62
616
4647
11850
8510
17958
19192
158
16549
4828
3261
2869
16138
183
19693
2302
12646
16893
14872
14034
6468
17657
6753
2353
10676
1095
7658
12186
19358
17335
8622
17223
1780
5633
15751
11299
14465
16326
13263
6601
12509
15647
1796
4474
5250
16357
12037
17722
8729
13628
5817
12488
15149
5532
6415
9561
14690
7453
5631
12271
4606
2814
4047
3675
6501
8626
12051
5772
12547
11657
11884
9586
8097
19414
19728
19892
11035
9986
18570
3434
4457
268
16824
10360
2905
8987
8499
904
7613
11714
14092
1027
2816
7502
10033
13867
17300
1007
12462
1144
13096
5088
10257
16461
11413
15221
13862
3030
13975
12289
8449
1793
5113
17825
3545
16822
7433
17833
11345
660
17675
11656
3251
9385
19817
18586
14806
16013
487
15050
18942
4316
212
16738
15714
7630
10077
14065
12200
5013
8060
5783
12013
19474
302
1008
13889
17269
16675
11578
10926
17391
18062
8709
8826
12213
9819
8343
2946
3763
9088
5817
16742
5131
14092
15457
9668
18185
15869
4700
7868
19940
12430
17304
9010
5971
6029
1355
11602
19753
11274
19940
11406
19982
15179
10764
3427
18172
13980
4856
2586
14099
8036
5358
15146
10265
18131
3858
16698
14802
12056
17996
5316
8823
17711
14519
3061
8150
1015
6024
2322
11718
11778
18841
11988
10662
6597
2641
11156
5137
17263
18898
13537
1247
15319
1727
12270
10779
12622
15144
2857
16636
17555
659
518
5539
10757
2345
17018
17168
6515
10650
5283
8481
12400
8878
13765
14825
14306
18601
18031
13832
7449
19737
3580
10220
15773
10143
18454
17988
4032
19672
2869
9597
17298
5703
17092
17307
19603
961
1988
2262
228
17045
16554
17294
14102
18198
17444
15148
16708
7910
18330
5270
3261
9120
1903
4495
3545
5314
70
16649
15469
5078
16545
4743
13209
4987
11012
19892
2238
3733
7128
15130
10189
1069
3468
15168
2363
13510
13782
18851
1328
9886
407
10863
19231
4060
4477
6138
18960
4157
5570
2813
3673
15317
5041
11824
3147
14852
11241
1921
1000
18614
4985
15665
19123
1943
17739
9451
7904
15378
10302
1953
7210
9156
15724
6469
6979
8609
12938
8193
15942
7906
6542
2644
712
15978
18090
2346
461
5588
18006
18390
17271
5819
8556
10159
1338
14437
19917
19460
4939
17997
8961
12220
15318
395
60
2638
14990
3747
17980
1274
18431
8967
1006
8611
18687
7561
6608
6026
5155
4128
13361
11528
15311
6134
117
1799
3045
15085
11445
17214
1311
2444
7395
7207
14039
4234
14282
2430
13987
18837
1908
3480
7230
2814
2534
7581
15489
5029
742
4068
8369
18685
13021
8138
978
1980
6487
9871
7802
16802
5478
173
6272
1571
1926
53
16338
10738
15548
19208
9734
17547
18296
11695
17736
10045
13498
6295
18035
7219
15185
10284
1179
2014
12381
6065
7846
12769
13238
12314
1723
10360
7078
12134
15570
7557
16049
9564
2955
5144
2517
9056
12507
5467
1740
17970
8097
17943
15086
19556
8439
6983
18036
7286
484
9463
4631
784
5358
4632
8983
4155
301
14147
4856
5180
8634
9223
17958
7086
6310
6449
5593
17883
6695
8407
7539
7415
5549
14081
12262
15929
7667
5780
5172
3222
4497
10108
13038
19356
8975
5654
4957
6600
2163
12535
11999
6276
12379
10236
14377
16736
4103
15536
11180
15852
16941
17939
15826
2928
8592
1197
13735
2505
7531
1711
14516
18176
10854
9025
15462
5319
16011
18862
15629
11987
2675
2793
16993
15729
4154
11546
11679
7015
9969
3592
18257
11912
14546
16677
7628
4146
16397
16945
17811
10696
7457
5644
7577
5575
4327
19131
4675
16488
19816
18965
12843
6705
12591
15755
9121
13944
15897
243
4236
17525
10185
15344
7086
8354
4056
18079
3494
4177
8777
13023
4079
2987
14203
18078
7366
17857
19863
7677
1033
19088
586
10623
2618
9974
5740
7059
2723
12747
12158
2651
11827
9919
2963
19865
11174
4654
9989
13301
8515
16898
16776
4589
9215
6245
8092
8570
7104
5376
764
8666
13660
11157
8979
8448
13855
12342
13518
7540
10
7841
12
11016
4281
10169
14611
19992
3261
6753
16572
19740
10984
9335
2190
8238
12264
5866
12200
12371
6250
8506
13816
17352
3040
7819
8265
11371
16861
11941
1113
5954
17916
19339
12968
18187
6113
15190
18284
9186
4439
11022
3970
5800
25
15428
2175
12022
9452
17423
4420
446
2857
17697
8880
8634
6713
6629
9263
15092
15672
12215
10672
3697
11740
11680
12181
13083
4751
12556
18787
16041
1880
19210
17529
4653
2393
18655
13726
17690
16721
13735
5299
1295
13121
4842
18951
1317
2731
2103
18281
2545
8310
15648
7832
1718
8366
1617
14359
6026
15113
2670
7132
7331
18884
13480
11623
15038
5548
17787
12304
9548
3545
2151
19577
5210
5493
8009
13731
11675
17978
2198
14332
1492
19064
8019
15317
10499
1686
52
17106
12973
11408
8751
19387
14915
703
11484
8400
12944
16119
12332
17625
6370
1770
9954
15259
7634
16585
16658
10150
16530
5194
13845
4747
14738
4133
5958
11659
10222
15704
16668
5291
11512
11659
18213
1636
4829
12686
18011
2070
3031
6654
18533
13596
1807
16678
16333
3803
492
12450
1049
12629
14684
14047
6920
4538
8286
12926
13131
2526
5066
792
30
16869
4798
9436
4674
2874
15781
12435
16536
8927
9990
13988
8572
8127
11495
11187
1659
1375
9659
836
16722
10420
8815
14429
9028
17934
8589
4618
5272
11633
13099
6810
4269
548
17268
9255
4891
15778
14288
12403
11944
10190
18834
2253
16803
5316
6782
3219
6848
13099
661
15986
7760
10086
9374
13800
6013
18121
10451
235
7487
16969
15717
194
11102
1964
10989
18257
100
14592
4753
12978
15038
2472
5934
1278
9071
8336
2440
18092
8273
11073
14027
10896
15945
6832
701
1349
9637
5521
8483
2821
11221
15786
13613
10612
11268
7234
15678
10589
6737
19000
19707
2228
1742
19183
17232
2203
6356
7527
185
10304
13697
17159
14292
3876
3280
12854
18337
9846
51
2506
10162
18557
10798
3960
2293
14420
4947
7721
8411
912
11574
11469
6884
8030
12333
12265
18953
4967
18918
9996
6054
2229
17285
1408
16066
14319
4056
15484
4764
672
15544
17462
1620
13238
3390
13174
19667
11207
10528
11237
8760
17774
3527
4356
18335
4146
9006
4986
13744
10183
9113
12677
14530
17742
15760
16209
1738
5623
2998
1286
11076
4648
11434
16379
14908
11477
6553
18825
11162
2671
8958
18107
18216
698
6232
3873
19905
17749
9830
17636
9303
13822
17537
13236
12065
5326
5398
9597
31
10016
10238
11959
9644
15216
4604
5404
6239
7742
8371
2229
3390
945
10786
14606
575
8088
18237
9480
2748
19948
6440
6189
10547
15473
8786
798
19927
14363
16524
19816
3478
18638
11429
661
14600
1085
16227
10110
6641
16340
6112
7070
4531
1009
671
16674
10131
16013
13833
15549
741
3289
18248
8440
17111
9283
4064
11814
3864
10072
7077
5398
6627
15427
18333
16354
4268
7444
16370
13028
7109
9724
8308
10151
429
15380
6473
16539
9878
637
4466
19267
9937
14978
19323
6633
7897
6713
17182
210
4856
8809
13558
9195
17754
12614
9147
7074
18572
407
8798
9650
3600
1145
18178
11926
11872
16412
12981
12190
15901
587
15114
3647
4723
11529
3669
10405
12842
14679
8226
3748
18444
17426
8466
7116
4142
11769
18354
16379
7581
16396
8474
17292
7334
10095
14943
19437
11361
2766
13046
7182
17051
15675
4902
19477
17919
5620
12360
8911
13633
16447
16958
17249
4327
4055
525
5148
3443
6592
18072
2479
16785
1909
4666
4183
7642
17764
14720
19985
1059
17135
12289
15055
13637
147
4698
11433
13929
12485
8010
14091
5968
7928
12135
5677
2652
16475
19516
3104
17791
7488
14464
1507
9054
11064
11347
13301
5665
8665
16471
7206
1050
9889
5929
3142
14927
6740
5979
6783
18534
12162
16623
15134
76
2116
562
11499
18817
4612
2130
13947
13988
2460
19293
2395
6839
13527
5080
19149
13294
13364
14969
19631
13370
8586
18242
6518
19436
5413
15867
19194
3624
18573
18666
2059
9960
8935
12049
19905
4009
14389
9732
13233
17271
8985
14661
18843
3888
7384
2782
8320
1079
13721
4218
8145
16343
6092
14017
15811
8497
12743
12623
543
6693
17164
12815
7798
6297
16070
345
16529
13321
10994
16197
17094
14923
11131
16522
7238
15325
18878
10744
9364
16910
9100
462
12144
18341
5517
12761
2449
2610
10593
1642
18770
14319
14785
12691
1411
5491
5061
5630
3168
12435
17279
13065
19390
13333
16837
9633
10850
17234
5196
15290
6572
13671
7119
1321
4720
1849
1871
14911
12357
2018
13685
13922
16438
13244
9202
19913
10487
14953
12039
14739
13170
1757
19681
1253
4574
17737
2332
6687
8209
10148
18728
6457
19276
5783
9705
6271
4661
8710
18776
16198
15202
19126
13607
3146
18993
18144
5186
17318
1972
12784
7505
19182
15626
9242
14682
14540
17961
3514
11043
2518
7639
17446
3413
10728
12377
5650
18396
16772
6530
1215
12842
15778
7628
2434
924
19701
11013
5101
14005
9436
15969
7324
6022
5602
6669
4190
4815
15027
6308
6525
19902
14267
16922
2124
12566
2076
17909
7244
9420
17867
6748
730
16619
16296
6504
12313
12759
3449
16631
12728
12206
5026
8767
14752
4139
2146
16863
14333
11300
15085
1201
10534
18131
386
8284
11306
6097
5832
7719
13112
734
19434
455
12971
18398
19468
16153
17360
16605
18824
17131
16278
10963
12266
14260
18321
8227
6340
3684
9419
7293
16558
5462
19080
11651
12766
12995
15476
5545
18977
8240
8651
14357
2419
8839
10948
13286
11712
18435
827
19730
17751
5412
16698
17671
14120
11075
227
1363
3450
2112
13372
2366
3755
13303
13496
1877
421
14928
11806
12162
15961
18966
17912
17846
4859
15487
2682
3849
3546
3978
16685
16569
15834
3048
13495
16910
12848
18896
2409
18494
10009
11126
10373
12876
2872
4438
6313
17290
11818
6442
316
8224
16487
316
1140
17541
14647
2389
9282
13898
13614
13555
1179
10774
5414
8793
14435
268
3735
13216
10808
5929
16886
18315
12217
12745
4263
6425
4465
8585
10528
10516
611
6919
572
12614
12211
14469
2073
9291
9679
2669
8239
11553
5081
2542
3789
2396
9042
11749
19729
3990
1380
3703
17507
9571
6763
2970
16558
14595
7874
7412
4125
10737
19558
8987
9230
15160
4969
17563
15478
7430
8437
19446
1969
18648
1178
1541
11011
18100
7990
9341
19888
18006
11328
6861
6581
11234
4145
19524
19969
5752
10544
10575
11795
16486
15897
2656
16081
11127
12169
6826
3970
2025
11976
7752
13641
12924
12723
10526
6366
9671
17253
7704
3339
1508
8449
15022
5728
13932
16767
105
16979
11229
9744
4191
8855
12439
1328
4666
6328
19718
13320
13687
17841
1850
9756
13513
12618
12082
13335
5502
5489
19831
14481
13242
6899
17605
7579
19103
14199
16036
15175
18350
5880
7349
3222
2343
8221
15975
18399
15661
3159
17802
665
485
15926
17563
7526
6428
16776
18557
16924
6568
5232
17449
16496
16775
8350
16508
6913
19844
17456
19631
14206
16888
613
7012
8982
16652
5946
4316
18651
18429
12323
5285
19473
11736
10791
19825
9048
14501
13496
13026
6483
12481
12686
8321
1717
4003
6080
6093
488
19968
15294
9873
2169
2441
17229
10575
14979
3986
5600
6040
4726
15918
17775
8893
8228
11702
18967
9951
17320
18952
5102
12707
9139
4268
9376
6402
16532
14514
7883
701
3363
17207
532
19565
11243
16007
8549
5144
2194
14140
6723
14912
7334
8580
19151
11573
13253
8321
5369
15627
18729
4169
15420
14278
11950
3374
14075
5810
12833
5752
7222
13903
7432
14606
4680
11593
14568
3444
12480
8581
3158
15662
1177
9976
18878
4067
3960
14898
12169
16157
18307
10103
19407
748
921
5358
9369
13322
17137
15283
5969
5657
15794
11399
872
2505
4972
12103
8196
1014
3250
26
8453
17998
15445
7139
12882
975
5246
17911
2852
11247
4071
232
2766
8981
19190
18720
9703
5093
8055
5994
14679
19322
1813
16809
7290
10635
9205
10604
19731
12271
16304
2553
2992
17309
4362
15014
9142
17517
15731
7208
8393
15770
6586
15970
11930
4617
2121
11423
2286
16962
7233
12762
12390
13373
6355
12314
10384
6489
13015
18108
9002
7205
1517
3176
3246
4033
3630
13318
2910
17887
5678
5353
14861
1923
6768
8841
648
6826
901
4911
12703
16166
5571
12265
6036
7079
9055
13949
9119
5430
358
13946
10139
14491
8189
8618
15057
1278
2803
932
3327
14634
18976
4863
12356
12910
19645
8224
19914
1149
8415
4500
11569
18677
8145
18297
2452
19420
8365
8918
13019
1799
10902
8876
16508
5172
14837
18436
10510
3319
6127
15591
17771
14002
5791
6189
14273
12190
5653
17421
16854
2886
13578
1715
11222
3506
5823
6735
11483
4769
1841
2282
13495
18927
5211
15092
17856
278
18057
2969
9176
8465
19380
14162
5592
924
4254
15735
12697
8087
1580
2258
127
4521
251
12366
8803
10657
32
8495
2075
6168
3009
9180
9640
2035
9673
3223
16923
9860
18764
6061
12868
8367
19031
8200
13849
16170
466
577
13632
12062
18390
8403
13945
10891
19845
17484
15371
775
11818
10300
2377
15463
14
80
6657
2742
8148
2840
5313
3394
16690
10596
10182
17238
14700
1870
17154
9506
3214
14160
6729
15991
9638
11222
11449
18382
19580
14446
5987
18568
11344
14396
7418
9392
18030
13450
14039
8221
7951
11709
17063
5940
13199
3394
3729
2922
12167
7015
14120
19462
5927
5991
265
4869
8530
12701
16561
9047
6197
18394
8543
17799
18853
2545
10657
6872
14516
15919
10974
11147
5392
17480
17951
11197
7768
13996
3515
6925
9564
13305
9533
12764
12400
9482
10484
15948
19212
5261
7095
10763
12483
6419
9906
17353
798
6016
6898
11300
3637
13506
681
9701
18217
2846
8735
451
11841
10789
8405
4550
17887
17286
7863
14150
9885
13918
7261
2226
9545
874
2686
4876
4795
8509
8114
18993
4591
7277
9889
14294
708
4935
17261
12015
14096
14083
15066
1801
14589
5618
17398
10327
99
15699
14248
10186
15011
19974
10489
4248
19742
3544
17625
10847
18928
3037
18224
1476
1228
5915
4931
4212
1333
11426
1598
16075
13175
7386
9572
947
13344
12214
5328
12612
12670
10404
17638
14538
16117
13830
8060
11813
5309
19674
2174
9321
13206
18997
6115
18245
15722
5199
5354
16225
2461
6808
6128
15968
3155
6025
9681
10373
3102
18389
10263
8082
11234
8381
16132
1708
17480
19554
2937
11962
5051
2742
15937
13004
8162
6444
10269
6073
1626
4750
3884
3520
18000
9516
10422
19920
13848
9874
2069
4547
12588
8531
14401
1733
4101
17121
7991
9522
9135
8063
1829
17950
1356
1390
788
14350
3432
963
2706
17283
10803
8441
2459
887
7296
13027
14820
12800
11418
4698
13924
10001
13982
7156
7456
8544
11769
5910
4849
8322
350
11776
1875
13554
5668
8998
13037
4433
1242
14464
4952
15496
16328
18423
589
15081
3716
16543
1104
19603
14125
16644
14355
17779
6375
5341
3688
2535
16051
6142
8839
4191
13290
13961
15416
18365
19895
2212
7838
10651
14414
5542
8673
9675
10509
4234
13110
3673
3245
3046
18636
15149
16676
13782
15317
12525
2075
6577
14127
14784
16967
3070
6382
14541
18438
127
11016
13825
19224
9994
15677
7375
6360
8857
4193
8049
7125
18168
15528
19053
4145
8539
8364
11123
1621
18258
6462
16643
13807
8085
6887
9644
15721
19161
6009
4911
6567
16933
1495
13890
16541
13406
5565
12592
15595
2205
17070
15614
9590
13027
16888
4552
17571
4195
8646
2153
12051
14557
9378
7578
17590
10731
15524
881
5453
9012
5436
7179
832
14783
8344
5637
4472
3330
11250
15876
14139
16375
1850
8117
1570
11407
9403
10062
1944
13217
2700
5458
401
6619
5749
980
12868
4409
9948
595
4295
7636
8203
15460
5158
1713
9504
14350
4447
1498
16849
8558
4893
4330
9305
18554
5294
6690
9252
7330
13699
18841
14930
17779
452
7408
10444
1590
12782
5539
13601
757
9035
4891
11450
15998
9227
2848
7042
448
8100
14060
5484
16177
3844
15195
18016
9202
2318
8126
19558
13674
3673
14351
10894
9519
11777
4639
2169
18116
9927
1099
8615
9308
9324
15053
8542
14877
2598
7247
12915
895
1916
3034
11001
4083
12196
11084
19555
5473
11158
17640
9943
777
9869
4232
15186
7115
5498
717
7986
11363
8612
15607
14531
8044
2368
19824
12010
16069
7048
7874
9095
15152
11516
6665
3627
18007
7794
17795
6134
18698
7258
7204
7435
2979
10323
7207
12850
10731
17092
12478
16458
13653
14488
8266
5929
19527
6393
13766
529
4474
19943
1534
242
19255
7414
15773
470
19553
8353
14819
4556
3569
12654
18742
3956
14172
17888
8784
19780
12881
15091
16086
13717
10431
15960
16712
10797
17684
7309
12244
15145
12128
1367
12869
13575
791
4894
19002
13614
16789
15750
8273
1818
19099
13382
8257
2344
4184
15111
6503
18394
12516
3995
15384
17223
13286
8631
12694
4290
12821
9678
1790
5061
14811
8491
5629
18587
16597
7242
2435
6695
16919
4948
10320
18772
7756
8342
5195
4473
12955
5501
17393
424
8134
15920
17162
3380
4332
7753
823
15933
3982
11697
14856
13626
19119
17495
16106
4769
2164
12141
5149
16373
14058
13856
17988
8141
1895
9681
12502
17917
425
6773
12721
515
9883
18213
17166
3665
19062
67
11023
19378
18436
842
14165
13754
19936
19888
13966
10126
5657
17787
14668
14989
8276
12413
18481
15194
8241
1805
14502
12007
14342
11427
11307
7871
16360
9808
7625
12976
681
14712
15811
19380
4027
13645
16042
10971
6482
10025
10543
11350
15527
6759
3892
19874
6904
7199
1052
8174
14253
15548
3713
15947
19190
5532
132
1296
1201
835
2686
8135
3847
4220
19509
19448
15830
8718
14283
13999
2537
12566
5585
8428
10723
15015
16856
7623
15354
17979
2792
5982
7136
4628
17353
2813
17502
2259
6207
13353
7897
10036
18195
7785
2614
2948
19595
3057
6617
16737
15708
12972
15113
8300
6870
7269
15568
2285
10686
14898
6559
11524
13561
2910
3790
4551
3619
4658
7008
2685
6688
8735
7364
7317
9386
9738
18585
19108
12681
10132
809
9081
5312
6949
8246
12735
4516
2165
6291
18542
840
15127
19913
5614
371
6850
11513
17450
1299
9853
10049
14861
6603
11750
12664
8571
2792
2302
6099
15182
14385
19797
8458
12492
15805
15534
19829
9281
18398
1807
11279
9983
7963
16328
7901
6670
5499
9277
19784
2897
3741
18833
7877
3927
14821
849
12822
6587
9841
6010
17642
12889
16681
1096
10015
9804
1461
16156
1672
6281
14600
16904
17577
2962
18970
251
14111
8504
16628
3172
4541
11120
12516
11140
3697
13200
9393
13909
9348
17863
3720
14608
17088
11926
13588
9984
10317
13743
10701
18017
4500
8488
13223
18644
16517
16508
11627
18978
7987
6462
14498
18122
18012
13147
13550
5449
3303
10763
8563
15269
19142
18228
16050
1046
13307
571
11639
7122
19703
12455
4872
83
7933
10644
14398
2406
15590
12785
18768
11091
16381
18103
12586
12548
5770
9574
6717
5365
2572
8925
12784
7990
3615
12597
9652
6367
1470
5468
15989
10865
5986
15273
1292
9253
2696
16448
17297
11379
14992
3428
19534
13409
1025
13972
10511
8518
1899
14500
10486
11034
7141
16473
19818
11516
18804
13408
18287
9951
13901
6091
17650
3890
1105
6569
9659
4459
17815
19489
12068
5423
4872
2891
19561
3232
3620
11147
19605
16388
5986
14571
18268
5581
4340
18260
18024
4555
873
616
18986
6314
18635
19231
9074
7721
12969
5371
3674
19065
10992
9706
2876
4429
19954
1305
7108
1700
18728
528
5857
7569
16467
13869
18996
9123
3806
18528
14603
18774
5184
17536
14856
3253
7390
4489
17209
7241
10221
7539
2381
3779
18421
18160
220
16930
4049
15297
5445
18338
10642
16885
8533
641
2019
8640
14691
18543
4808
18868
7449
1489
896
19198
16012
2898
9609
12639
14092
4999
8674
8293
8599
2461
2380
1798
15305
6722
6409
89
19406
13324
7111
4561
9015
17482
4022
4214
9675
5797
17652
7201
2901
9042
6283
11124
3707
7767
19440
2165
15726
14423
6764
3653
11549
4668
9207
1120
14501
19456
4448
10483
10916
824
13385
5909
4363
18270
11535
1636
3952
5625
10056
15869
17091
5515
8773
504
14329
18775
8791
13245
18500
10253
1166
8583
2916
3923
6812
5139
3286
10769
12631
14084
10442
10041
8670
7031
7443
17202
10867
2974
120
8960
11238
14396
17671
14033
7475
12508
19433
12838
15202
9934
18481
14236
18476
6750
6285
22
3517
5586
8383
14377
3413
13281
15654
14627
4648
15563
15445
2745
613
6328
14437
7628
4628
4177
198
4343
16761
7925
18353
19736
10261
16121
8249
16152
16235
9824
14495
8825
19136
11122
12901
891
1499
14172
7898
14410
2765
17508
8596
16712
10218
8582
8604
15699
3701
11376
6531
146
8826
7831
14003
2081
4724
3348
16608
13751
18255
11903
11293
8784
1031
3494
2634
12828
17456
11434
10219
12643
11823
11542
9972
12339
11301
15964
16769
7527
18188
12686
18018
6358
11642
17814
10452
18326
4995
17811
13002
18955
17275
11728
906
9551
16056
6530
6996
1407
5590
12831
12509
7456
15156
11413
8218
9549
7099
6126
13112
12446
5439
10238
3400
16246
7902
6406
4631
8745
13734
12041
5884
10280
4883
15431
7339
8267
3830
603
18407
8474
17393
14254
14419
13431
3646
5943
17833
3563
16432
19792
9252
6156
13777
1141
17848
135
3818
17659
10626
4592
1697
10250
16601
9636
12284
1657
3460
6039
2245
15461
2789
3038
4934
12653
4595
9947
14675
12525
2245
14465
17670
16629
19530
2403
5606
18054
2134
17757
7969
12520
16343
14686
12760
106
7238
8977
11034
14520
9816
4806
10664
6642
12052
6594
16024
13007
8479
10720
9621
17165
14451
19170
5348
9747
1518
1368
10753
2501
3879
12171
12840
11523
18171
7879
18543
16543
18565
3235
2864
696
17709
11822
10885
1208
14967
16568
2988
487
3388
19994
4586
15562
566
2467
14060
892
4404
1984
14024
16519
813
16262
2626
4510
2610
18495
15146
13626
7356
7568
2179
7055
12933
6147
3903
8939
17330
18677
17798
3146
18638
13693
17781
9657
818
5176
13250
5093
14496
3661
5822
8927
7886
10114
16564
7215
9536
9403
16782
10353
10159
15465
7638
18896
2021
18295
6202
2718
522
2828
13513
8717
13624
19806
2970
10637
11691
18420
107
3298
6709
1013
3207
8865
13550
14482
14881
17448
7848
5357
701
10039
1024
1189
6414
18607
8208
17439
9274
11685
9346
13331
13849
1122
8383
9264
4988
10234
10918
684
10635
8103
5880
4459
17799
12322
5551
13259
12974
12734
9103
11275
17948
9857
13941
1174
7534
3167
2604
7984
5827
10996
30
11835
16475
14750
15751
2406
6721
14837
12806
851
7077
13832
17837
996
13986
15798
2135
6753
14558
9445
4473
7944
13776
14914
13553
16241
15195
310
14139
11933
8281
15041
10339
9051
659
13845
9524
16886
10988
594
879
7679
12574
19705
11927
850
6812
4847
18153
4775
5750
16081
17930
9144
17403
8015
16248
14538
5625
19750
14850
634
12319
14685
11604
12837
8644
16955
7050
9267
1057
9443
7205
1729
7577
1006
17084
6187
6521
11524
2250
5010
11897
13462
6277
19855
14146
16666
17647
692
4043
19556
14757
10555
12476
7038
17333
3310
7859
11908
11468
1714
10660
9918
18221
15376
2682
6043
7454
11105
13597
1286
6941
2262
620
14472
2704
8449
19722
2938
15865
16644
15989
292
10184
8308
17489
18295
12106
6089
10371
5028
8256
18853
12633
13335
7114
15390
391
8403
12514
10986
5996
8811
710
2854
9491
5434
13
18339
5973
12448
14010
17869
6044
3354
3694
16185
14051
13693
568
19851
18713
2638
14247
16770
4356
3809
12833
17248
6113
8652
13100
1241
4170
5031
18537
8151
1809
3266
896
9832
19593
15395
3735
17509
3619
17082
13692
15999
1142
18659
2114
2024
7064
3160
8264
2427
9929
3792
7412
9194
2575
9432
7327
5538
2747
2252
8906
17821
15946
10611
2479
5091
5096
11988
13682
9534
10736
8952
11990
7897
5582
10846
7564
1491
16101
8788
8678
5094
17388
15065
4393
847
17106
9197
9857
9657
7299
1329
13838
11147
17507
14176
13309
18026
17144
13705
9809
3596
516
3656
18336
18555
18991
4992
3418
9441
8739
472
16228
9014
7249
13615
13923
6980
1521
18397
4436
4947
6950
2439
5400
10102
6816
8094
8397
14320
2523
3413
7768
15140
8485
7262
4797
4217
1501
19744
7025
10054
12119
7062
12967
7391
1372
3495
7879
1244
13806
19709
15453
930
4648
8740
4301
337
9092
2498
18340
10986
13367
11309
8233
14490
119
8205
6163
6759
6876
4464
2164
10965
9668
10467
2675
10198
1521
15508
9912
5196
16173
18017
1824
13052
12462
10108
2256
6641
18324
9822
12965
15370
13550
13508
9706
2146
14845
4363
11012
6489
14257
18948
12840
995
6703
14035
12940
4237
10004
12170
19162
14440
3987
19965
17056
19572
11834
14210
11845
4682
12883
5255
15414
1542
9158
2543
9662
10351
17116
16010
11637
9732
1438
13136
17359
16708
15164
1530
13301
12442
18121
11966
15249
9124
1859
14085
17186
766
9681
6730
16624
5200
17414
14225
8857
4496
12130
8065
10474
1685
16759
15807
16393
2202
19368
17961
4399
14347
942
8396
5875
10960
5876
12707
16930
8979
5346
493
14890
18350
4984
19049
6837
5430
11184
6608
17427
17278
17030
14734
977
19466
18163
1023
17382
17297
2516
19715
18411
12493
17641
14557
8394
12771
14906
3246
11087
16233
15092
8456
5116
13433
273
15890
18905
2161
8118
5271
16008
5667
5461
1259
4567
15168
15091
8188
5838
17340
9764
16496
5128
7390
1170
5857
2558
14375
12669
12402
8223
12124
9404
5420
7708
17521
19969
3129
17119
10132
1403
17820
17884
7796
1973
2155
12128
5772
3516
10123
12038
2447
4702
18310
1000
753
5229
13387
211
18320
9858
19075
4499
15998
12927
10123
5325
1932
11853
4755
748
2068
1668
13362
7730
11331
1129
19587
3248
10017
9009
4320
210
8831
11844
10873
977
12955
8573
1457
16588
435
7310
8630
6769
12356
3616
6363
18228
4029
13495
14451
13346
17701
16084
8140
3280
2758
4181
3590
1324
3636
6871
12879
6069
5534
10619
8604
17383
14224
10471
9797
6926
9378
10595
13982
11324
7905
10531
4494
19893
4568
9125
18222
8551
5371
1040
17952
15032
17871
14333
360
11543
4441
3985
8395
2197
610
14216
2275
8076
6627
19694
2653
8253
10899
6822
3216
5752
7370
9806
18041
5844
10801
7801
9751
7007
7081
4796
6592
7471
852
14309
5406
3702
10851
6116
11274
5908
317
9838
4899
17606
15017
6294
17515
6429
11577
16540
7999
18986
1203
9666
13584
8724
16348
1209
13155
17068
14371
18299
1217
5496
6312
2385
17467
19660
6759
3412
14879
13207
1413
14768
15919
18456
19574
10565
9796
17425
11048
11367
5951
8916
8399
11750
4807
1179
12238
2632
18596
4884
18591
15985
87
6008
9791
19908
6356
18333
17945
19460
349
9825
10925
15732
1756
19879
6493
12892
19036
6558
2644
1197
165
7517
18387
5243
3474
4971
7290
9193
8817
15546
19151
2851
10742
3892
15949
11876
7100
10861
3884
16664
15481
6456
17257
3932
14781
13174
11219
2690
7399
200
882
3728
14436
17862
2739
8136
7269
16969
5331
1762
2171
16194
15368
13397
4338
4909
15207
13461
18823
11424
6645
8950
3400
18366
12430
15278
3110
905
5099
921
5113
9907
4532
17910
241
17845
5826
4814
916
12312
7983
18933
6585
8561
18045
11434
2175
11114
16064
5945
17226
3771
4232
1599
700
7448
18350
2637
4236
13508
12955
1701
19142
10915
4656
14305
8479
3085
3541
18324
16050
4446
8865
1384
19196
14282
19235
7046
7441
18702
11531
7797
6393
14209
1016
2073
14442
1226
16927
9628
16899
2539
8533
3851
12450
16699
15641
3959
18498
10994
2720
9660
17077
445
17022
12190
16794
4113
18094
12783
14683
19324
13950
13261
16902
3959
8026
12552
6854
18071
11508
18337
5725
1315
17229
5166
15552
18720
9315
539
11759
5928
10518
15370
12943
2394
824
16571
19238
5578
10321
518
8019
8313
9196
15141
15975
9855
13154
15215
7940
16677
17697
7487
592
18543
7640
6643
15958
18710
8418
2736
15609
14548
844
3267
5974
7705
12037
8547
3797
19802
11937
15794
11787
5417
17642
15233
3920
13471
15683
13843
3096
4310
10778
6554
6864
6644
12138
15774
16246
6017
19498
19132
757
13209
8854
8075
13788
15357
6711
18777
17754
4068
12050
16468
7929
4463
16266
18821
9908
14939
14386
6263
10389
18511
11699
7510
17648
3060
9111
1682
13685
7620
3408
11426
1558
7324
4391
10725
11926
16619
18948
2019
14762
9101
5495
12371
18639
18929
14818
15062
15943
597
16291
2304
2033
14868
2497
10615
11524
15317
1394
1907
15784
12261
3334
9190
11889
17343
13492
15829
4152
17224
15135
16836
11224
7479
17989
336
17634
209
16644
1430
18142
8179
4553
14353
17279
17288
18262
6208
12160
17307
14607
17510
4545
7110
1378
1355
11001
16712
4241
1728
7926
9301
6589
13856
4664
18536
16688
11058
11974
15444
13702
3114
3628
11224
14169
17071
15858
10704
8680
3127
17178
18376
11684
18063
7733
14220
14551
15319
3202
12794
6225
7082
388
11257
7952
3579
12127
9923
9611
4027
8975
8862
6235
18359
6629
10088
1383
7005
10143
3568
8810
415
14307
5410
18115
16593
2360
15738
15545
18445
9409
8826
10569
13558
17622
4695
8717
10969
12320
2957
15883
16175
13681
4562
7447
13215
10878
13128
11878
9472
8795
9132
4848
3900
19505
1484
10817
14545
10590
6198
3868
5297
1449
7083
7340
5065
14432
2802
17673
15006
4144
14504
10371
5907
11424
12821
2031
4135
2283
827
13483
10876
6296
168
1967
15122
18711
4682
3121
16690
6234
17218
1877
9031
2958
369
5296
12262
17397
8623
7767
16910
5442
15482
905
3402
8112
14188
16853
4436
606
11045
13193
3700
4107
11527
10649
1478
2506
3489
9608
8761
17186
16579
4694
14995
12901
944
5350
17138
13035
10194
12139
493
18954
5895
12591
9145
15732
8856
18335
7784
6829
18027
18710
7884
12168
18030
18756
11418
15357
19636
16378
5033
9257
12413
4085
9305
15681
1549
14629
15696
18292
1918
16793
15775
11197
11889
10249
4260
15586
16672
18336
4617
11404
16303
9699
10281
5667
1953
18562
10995
4933
9415
12794
4039
17026
4467
15397
7869
1303
2923
17759
581
6150
11992
2805
9321
7726
15710
9708
1646
6604
518
8492
13689
1710
1879
13575
11439
5807
8548
13993
3445
7892
5023
1501
16118
12450
7786
14810
2147
4698
6126
12521
1940
9907
4997
8692
12301
19442
13201
7212
3516
11528
14928
19415
13982
5127
1959
12884
14113
19490
3995
940
4836
3041
14494
17207
19099
5758
14407
5064
9007
15103
4058
6263
8226
9872
10663
424
816
8924
9615
1341
1617
9928
12544
17525
9723
12940
18433
4383
9924
19343
17609
4255
13572
13662
7082
16316
18521
17064
9227
18787
13797
10137
6964
13148
17810
15089
7810
3623
4758
11456
4730
338
11025
12737
14042
15802
14131
9040
1547
18907
15163
4425
10259
535
15962
8031
6279
2751
17749
16501
3901
19360
15497
19932
1599
8396
14313
14762
1628
15972
9059
16083
14520
11008
12162
14567
17796
12987
8044
1352
1096
1981
8267
5062
17853
12038
11176
3832
8407
980
1811
16825
10431
15858
5215
3133
17087
16189
1803
17423
12599
51
16060
1352
11309
9370
11781
11054
5568
6827
17129
6983
509
11577
7383
920
4682
10178
15795
6974
3200
12401
11126
11144
3607
11756
17708
9423
11865
14561
11003
8852
536
1800
9443
11092
11163
18421
19489
1418
9843
17534
2349
225
13869
16611
16900
19700
2784
10014
16928
12549
14661
808
16130
15574
10439
2308
8818
15687
10704
12077
7133
12332
12963
344
10237
13930
1800
14821
3223
14159
2721
8936
14430
6987
4060
3534
19477
3534
13857
17966
3025
16543
7563
19469
18268
11735
6675
3918
9718
5048
19432
8788
12406
5901
17787
18037
17903
4735
8535
13630
16622
19728
19022
5245
5087
12888
18318
5423
687
6938
850
17958
16107
9699
8565
10806
6344
12286
7489
6652
16124
17782
13254
3563
4746
1801
7494
16341
9019
7909
4396
3859
18055
10115
4733
14705
18740
1565
1383
10105
13749
2476
3863
14170
10611
354
9575
18612
17481
9953
10771
16995
12425
6870
8172
12998
220
13878
18566
8267
4711
13555
9228
185
19785
5274
19540
6969
992
8397
5932
12673
16876
1624
5843
5182
17419
1074
12901
14782
6148
4178
5550
18200
7263
9067
15200
18328
6289
3654
672
13131
17429
10074
3770
3587
8790
6475
10229
2759
2057
6204
17088
12315
3287
19698
9772
3655
14521
4518
16756
16678
14140
18438
1942
4654
7556
11562
10374
9591
18636
3278
8248
15049
10123
9521
11098
16518
17586
16616
68
2929
9778
15551
8680
17306
9499
1389
1988
12936
19071
4723
13622
19009
4982
18962
4591
17369
16794
6854
11200
6836
16242
6338
14673
3737
16651
2217
12785
14166
8738
9222
19751
14954
1119
5129
871
1619
18044
19551
5248
5557
17155
9516
14258
10947
1173
16680
18461
781
9894
19571
8788
5766
1798
4598
10608
15536
5403
7768
1730
13766
1930
16985
16320
11782
8788
11343
4129
5914
11037
12698
17923
7714
18472
1990
11977
16799
318
10717
7171
670
5037
17862
8421
11359
13069
14494
6681
18369
6046
13457
4177
16619
9325
18293
12724
13530
17269
676
4442
15682
3842
6708
15635
3875
14257
11220
3393
14634
1396
16869
12870
10688
15825
7666
12983
5107
6890
16718
7760
7999
17591
12681
12866
9785
11727
1422
10759
5048
10214
14908
16886
9312
13104
4287
19026
5484
12836
1227
5789
13048
11804
10324
14058
18248
2072
6156
7535
18360
3170
12858
9689
19040
5132
1715
16794
2372
15605
10232
13693
3766
7371
8172
2074
8584
8523
18640
325
8978
12868
7293
3777
476
4409
7966
1298
17001
1029
10631
4976
8320
14360
11605
14775
16439
12352
16516
3868
1503
12931
5895
5114
1511
5576
8743
137
19213
6294
443
16048
14120
18004
1473
16114
17931
912
8566
10884
694
9947
3064
1918
18399
7505
949
13520
17945
8246
16911
7340
11934
18108
19054
161
16606
98
7138
16648
2884
2646
7124
375
2721
3706
9096
10034
2648
5220
10674
34
9029
14496
4689
2942
13931
945
15468
14149
9880
2324
5416
8910
6295
4069
14499
151
16306
13819
7184
665
15681
19982
7215
2781
4851
14521
12584
19400
5976
10426
2980
18289
9354
6743
18825
4115
2230
11834
560
7453
1194
13885
15204
9255
18972
2881
15321
16064
13140
8536
7046
7426
12599
291
19840
15399
5426
6357
11797
19413
2175
6614
12386
308
6839
10755
12913
6785
15316
19955
18931
14011
3393
2741
19990
4154
10625
14453
6755
8127
9849
18557
6742
18567
5627
11288
219
1113
16528
17330
738
17855
16993
507
11838
401
10369
12362
12447
17804
9691
17054
19562
1186
10771
6592
7666
4523
18108
7044
17878
3322
1750
10190
3991
8874
4385
14290
1939
11255
19170
9012
9859
15721
3377
14189
3981
15754
3389
7471
19527
1913
1468
17888
7177
18999
6387
8898
17613
287
543
13299
1094
12627
16861
14352
1818
12337
12092
12116
9022
516
19837
12734
4845
11543
9796
11889
15523
16804
19518
18070
17884
4203
13166
14908
4868
3870
8342
17183
18107
4377
3518
19717
12999
2543
13476
8709
4630
12959
11393
9667
19342
9573
9300
18998
12627
2413
4749
2315
12949
6307
12184
5026
11602
17446
8547
3830
13839
13947
46
15355
12943
18813
12142
18943
9517
8242
2654
11186
16860
11224
10916
8994
17721
17630
12443
11807
13065
10576
8481
12702
14228
5547
9023
10457
13950
19502
6416
14611
13470
6897
784
4698
13565
10095
18563
6565
13356
19103
11936
17468
1026
13441
12632
6230
11313
11859
16838
6237
10692
6595
18996
18287
9303
7487
18535
11358
18963
13704
15177
4247
261
1989
14737
15232
18521
8308
241
601
15608
2235
12092
17157
7547
7677
14546
1123
12907
13928
17737
10932
10103
7275
5273
16321
1969
4228
14212
2805
8678
10391
4449
7685
10871
6523
5828
7505
14904
19311
3499
16322
17093
16618
17799
15827
7356
15408
8645
1132
11931
3552
14520
11945
599
17450
7621
19161
13238
17886
12683
16066
1225
11296
15821
10562
9322
6423
7389
4881
12526
13348
3366
9410
9126
6992
14998
10184
11128
13279
14182
5557
13365
4416
5448
19742
10007
4646
10508
6362
9753
16593
3919
873
1875
18725
3232
49
3952
19421
6704
19780
9134
15800
17750
8926
1457
10257
11356
9130
1988
12332
19049
16803
11661
7244
17388
19320
16684
10306
4546
17737
8272
8513
996
8014
5878
5836
5200
12119
10174
17936
11665
5006
2956
8942
14254
14841
15032
10672
13293
9819
13075
2077
2
11674
5271
6184
8568
5371
10825
6723
826
18121
16013
13681
7198
8789
4134
13464
14094
15031
1225
10773
8661
11731
12636
13962
2275
18327
16401
5683
13405
14081
11417
10134
10980
16285
13479
4920
7936
18667
19362
3244
19816
15807
12613
17510
15505
16674
19031
11694
9841
12886
13891
10992
13518
19863
8147
13168
4904
10141
718
667
17280
10782
8299
17529
1348
15472
15600
8927
376
13036
5580
18049
18274
19982
17005
4004
3665
7609
2974
18929
16203
3640
7521
13413
19090
16959
10853
3269
18131
2575
10852
5135
587
16792
19708
2412
213
14873
5320
7458
1236
1667
16090
19334
1402
6427
15895
8622
10579
2494
10735
18405
1489
18944
12727
16535
19540
3853
6437
16140
6069
17872
1447
8786
144
14706
9633
12114
8908
13977
14561
5317
4009
6706
11456
19360
2212
5738
15416
170
19337
17494
12732
12206
18198
5746
4185
5036
18568
14502
16039
3497
17957
11973
6379
2663
18917
16463
10605
3632
5085
15383
7088
11532
17321
15614
18771
8722
9782
16286
19652
442
12393
5475
3900
1777
1551
9715
15834
12902
10690
11599
11200
8929
17781
13649
2116
1939
19581
11029
10868
8809
2140
19604
16234
3354
2250
15148
4359
3488
1058
1467
12590
5475
13382
12682
4416
16880
7088
9479
11120
5513
6455
16266
1475
183
10010
8281
12582
2970
11884
1607
13259
7937
5788
7031
12225
9044
6367
3166
8302
18094
5212
742
8588
8457
15668
1007
5086
242
3501
10929
1166
7643
16121
10012
7748
8943
16199
6080
4516
16448
5062
12328
17061
764
7729
10849
17418
18558
16220
12537
15455
16513
9658
8739
9905
9519
6600
9143
15529
14968
761
12341
14215
19582
10110
14410
13752
1677
5938
16587
692
18472
3103
6366
17110
18750
3761
761
9241
18556
19253
3810
13803
5532
7790
9781
1936
12603
13076
13924
662
15080
4552
7672
7601
4728
8729
17494
19378
1622
13132
13277
7272
3255
3180
684
9395
7308
5326
10369
3745
9906
15103
9979
12968
13603
17452
609
17279
7567
942
14075
1753
18821
7760
4318
1918
12330
12318
8838
16103
1837
12172
6203
8086
9969
8000
14102
6736
14825
2813
13597
8760
5731
19981
19082
13578
4507
10185
1226
4784
11952
12040
8865
356
3187
2723
15530
5027
13723
2561
15932
13258
13046
19300
2857
7632
11354
6606
13888
6368
17210
2289
6546
12113
15732
18546
16177
9603
231
5785
2997
14616
12577
6168
4440
3181
8535
5270
3521
5428
2766
18678
3710
17104
2550
8585
2602
10059
14582
5580
4590
3959
3554
19391
260
15935
16457
18052
3158
17930
13259
14000
19461
6668
14088
18673
15206
2536
18995
4796
8166
17349
11526
8434
9966
11948
15215
5678
4738
14171
3880
3150
4580
10474
8389
1243
2454
18616
13254
19030
8892
11696
18891
17889
8863
18494
1799
1192
18285
19591
2030
11658
15582
6154
1128
15912
7570
19346
7303
14408
17430
17109
949
15590
12134
4524
8711
5528
10284
19310
13710
13660
11654
8299
11564
15265
3174
18371
11619
10863
4787
14049
1897
5204
1228
16279
11480
2219
2573
19351
6018
3051
16618
6762
7009
19241
8280
14865
18412
3947
13835
10103
3590
11627
13786
15631
12145
16260
1407
16238
12384
6204
9690
14855
6986
18989
309
17728
18874
19313
17218
17262
3778
8714
16737
2993
880
17516
1886
5678
11129
8232
12407
6949
3442
4597
17691
142
4638
17213
2253
8693
674
7809
2184
4623
9044
3114
7164
6040
12465
18637
7095
19467
12685
7066
5888
12861
581
7170
2460
2806
18737
13378
1651
6637
5814
3600
8652
6111
11160
12577
6421
18219
15340
7604
31
12269
43
9151
1958
15285
9570
18292
5071
9507
998
9103
14698
11138
11782
9567
15190
4670
10969
6958
7972
16995
7734
18671
17107
9299
14434
15715
7354
8484
8291
1160
6149
15828
6355
12191
4599
11817
11601
5016
4654
9577
754
10556
9635
3891
16117
6743
10992
3321
14323
8480
6477
18523
16501
11398
4083
16288
5984
3256
10017
4563
5675
10193
9341
15256
16913
19135
6770
15658
706
18351
13911
16722
10100
8470
5425
2758
15543
446
2319
859
10213
16587
786
17513
3448
13385
17168
14810
5366
2932
12270
14765
5448
4612
1706
2702
5032
3155
11323
11690
15160
5963
12464
15409
12176
6641
3797
6061
18319
17992
17749
3417
6995
2660
4633
3296
16547
17612
11278
7732
14153
19435
100
8327
12637
5683
14802
15465
2461
6286
2359
8478
16409
15746
7964
12091
14250
2816
2166
15901
1027
19210
18695
1447
9471
19551
14244
11574
8154
17476
14544
19938
17436
3760
14375
11059
18160
3220
14232
15485
19794
19013
15498
19610
9447
13543
1311
9795
8807
8408
10517
14922
4917
11959
7465
7447
11343
13071
18999
17277
12544
7907
4540
17913
5491
6104
13212
5926
867
3065
3936
15295
13581
17163
2487
14546
2023
4943
11229
11869
11242
11725
14585
2697
10186
17923
15808
14591
8646
17801
10167
18923
7771
6879
16789
9516
4723
3062
7879
628
9498
1176
16206
15778
3570
1206
10467
10106
8124
11884
16634
478
10455
17490
3588
18956
13637
16034
11982
11027
7208
13632
6023
8978
7181
13451
9151
14703
10654
13919
12299
7537
4219
4485
9509
3227
163
1912
6513
18758
3116
16851
13082
13177
19698
15164
7898
10215
9676
1576
2904
11430
154
17706
15052
6535
18906
15387
254
3607
1147
9351
11629
12273
10760
12946
17579
1853
11206
17605
4133
1193
3033
121
8641
19779
14784
31
1280
14064
12929
4809
16579
7756
19295
9784
13769
14239
18792
9668
11094
7447
4235
161
19024
2056
8743
8244
11715
12765
9790
1298
18693
3001
19176
2705
19379
13647
18084
19438
14810
3194
11497
14330
5137
1018
18587
11137
11683
6572
12921
7032
4331
18564
2676
2083
5945
17161
18010
18272
1649
12174
15983
3187
11954
6441
9693
18831
15220
19633
13538
6270
4555
12633
5352
3597
9928
14019
11347
2391
19934
15107
2771
9548
19458
8817
11352
6014
11595
7562
8325
6504
4089
12292
10526
15612
275
11852
19035
19527
19880
3742
7327
6754
7287
15776
19138
18552
16266
1468
8585
303
12605
10647
14552
3029
12957
2515
318
2569
2251
11037
8718
4322
13599
17940
7854
9856
4489
14167
1832
205
19411
8489
10622
11856
17123
18085
14586
1102
6717
2935
2179
2557
9829
4094
7404
2470
14337
9469
10823
4758
17020
3512
5847
17409
19271
14897
13795
820
10747
9055
14502
15830
10234
8231
18819
12057
6675
12410
981
15587
2147
13067
18085
4308
17209
9611
501
6931
8914
16355
7801
17689
10787
18285
9189
18746
1845
8432
8129
16235
5867
12278
16826
14548
4959
10059
16498
1140
1834
2932
8887
171
3074
170
12625
11817
5277
6642
2517
11088
5652
18074
14519
19112
10756
1137
14300
4607
13101
13699
6285
15642
3517
15985
17607
13501
17575
16681
6160
10771
19181
12359
14628
10267
18909
296
17069
399
19734
15046
12721
13394
17164
9301
16389
10741
19361
10552
5728
2821
17460
14433
16842
1077
19510
18340
15699
13092
15606
7446
8096
13963
2559
19751
18976
3237
4663
10521
8796
6075
2664
1788
9965
4683
19228
1448
14120
13012
18081
13942
8820
11201
3148
17148
12764
4944
3449
2659
3360
2493
11633
17702
9574
12048
18628
1480
238
2559
150
10418
7235
1409
11830
13577
9645
4209
8137
10760
13443
14267
1126
14399
15773
6342
986
2696
1960
2174
8427
13537
6739
18204
18010
12779
8679
17941
9698
8350
19667
4892
16637
19207
7205
15860
16357
8223
1268
19767
15544
6409
18650
16188
11924
8039
16927
11912
34
18873
4401
10516
13552
724
1520
1014
1206
5723
3941
19151
18362
14909
8563
1200
15055
8266
15270
13290
8728
1139
10343
2545
15723
15005
6353
19083
11376
2690
2654
17051
16393
8484
1275
7941
11819
10927
14619
17085
10026
11402
11335
18961
243
10329
16882
17263
13554
11218
19850
11956
7636
1369
874
9715
8583
7131
3053
17886
8766
14467
1438
1683
15089
18461
3403
18054
10689
14533
1175
19207
18040
11659
6926
2768
3119
14309
16115
814
17417
11120
13397
7209
9981
6405
417
7153
4145
9332
19281
12583
19041
5824
4898
8293
7007
9975
8035
14507
18133
7563
7593
17447
5446
18738
15264
6240
14162
5367
155
9951
7512
16186
17516
9371
885
6667
208
10847
10059
14366
18498
13146
17342
14059
19823
18723
2552
5830
2217
2471
15851
10422
693
17521
534
15156
14240
6868
17217
5089
9486
11832
5571
19908
12722
11615
11107
1343
8794
8434
7771
6093
11618
13229
12600
12250
9161
10275
3998
6270
12769
2767
12553
7288
15743
8441
5998
9956
14738
8161
16287
9368
15120
18988
3534
513
11276
2088
19753
18484
2628
8477
19139
11795
887
9297
5556
15231
5300
344
16342
16532
6349
11287
11696
13254
17770
8691
19440
7894
15002
7355
18257
2769
9637
1327
541
4965
7357
619
18859
13760
2738
8116
16169
1735
196
14205
7861
3407
15955
19542
16837
8220
14387
13650
19175
1972
10940
1812
9666
7711
4381
13750
14523
18110
14192
1301
5876
19460
15721
16028
8814
9813
4840
2923
8496
14362
17582
4995
1824
11614
9772
18769
3149
8905
15382
13525
5583
8470
10263
14159
17990
4146
18014
16229
9024
1076
16278
13810
13207
6355
2292
9774
1046
10633
19177
18902
19387
16066
3223
19864
17592
1344
3457
4766
18196
15
18426
3348
15727
8832
17728
12887
866
4580
19137
4924
3556
12615
7227
3739
11594
5702
12290
14806
18854
174
7322
8329
6800
8339
17733
9360
162
8841
15926
4207
4668
10243
2212
6818
1640
9510
8058
6114
6585
16712
16107
14769
2061
16490
15747
6594
16977
17808
17592
15336
14563
6937
5183
569
14834
15007
6076
254
2881
9261
16817
18042
17995
4536
8087
9460
17569
13499
17003
19779
591
8979
17727
6966
15836
13683
10385
8413
4080
4997
5273
16279
15760
16318
12028
2265
4708
15005
18942
1079
8890
13184
116
722
7108
19426
17655
6238
1980
18037
3029
18447
6631
9304
12481
17631
7863
16405
8971
7007
18667
17914
7146
920
18801
12689
14773
17788
16140
2494
14353
3854
944
10005
2981
15211
13770
1366
15241
9939
12477
12806
7773
6328
2055
7531
11606
834
14274
12739
9555
1660
10342
6562
12365
16479
11276
3718
9229
4600
15533
3480
6712
2073
1064
1922
11685
9241
1475
14919
16912
18632
13289
484
8135
6964
7058
1601
19584
11505
3168
12659
6701
11336
18405
3185
17384
7775
5506
5361
16617
19809
16459
10591
8791
12169
16550
2905
16283
19920
2898
13962
18704
9169
932
1441
1718
4885
19020
14701
3078
15457
3286
19127
16447
14040
12716
6108
13439
2573
6426
1798
17037
17993
15882
3526
1171
5717
10541
10159
14154
8901
11386
4626
11533
9761
13521
8210
3791
16753
11737
19811
19977
15621
4615
9764
15659
3870
7744
13782
4212
3132
8597
6040
19965
18341
19149
11329
9199
14287
13409
16921
18741
2122
18433
7604
8012
15085
20
18443
5014
19195
3260
16984
5134
7282
10616
14543
10199
9232
18787
14260
1037
16738
7738
19133
8188
1290
8026
197
9167
14092
13288
1257
9889
16469
4234
10306
14064
14921
11250
14112
559
18696
5115
19904
1626
7643
16972
3914
17349
12257
5978
15689
11789
10545
1259
10023
9584
1771
11956
15941
248
12351
131
12820
14770
18425
3161
5683
12573
5320
18255
6501
12830
9130
16473
18830
14096
18038
18312
18506
18937
18565
458
19658
12856
18237
16140
17676
13275
10076
9663
2933
109
11677
14328
9934
10411
3978
15282
17368
2648
16959
8654
14606
10982
9590
1466
19990
7765
18709
19568
7491
16025
19184
3733
13674
9395
59
3938
10206
15394
7569
8575
4874
8178
1594
14379
10987
18706
17948
16313
424
14563
4257
8596
5806
11213
18913
11458
6892
3980
7052
6375
13800
14151
9974
14753
10141
9473
12767
10416
15314
2056
19070
16344
16631
3531
11722
1823
14526
13833
7268
8081
6644
13028
7908
13636
13467
10453
3198
8693
1733
3193
19376
9041
11791
13928
17804
15568
2584
8390
9437
3259
11388
10995
11031
13838
1553
12061
3040
14297
9885
14997
4500
5792
12754
8959
1946
8739
13288
15170
10977
14904
14133
4608
1653
147
6347
8544
2468
1063
12142
4999
9064
5223
13680
17573
2737
7526
3499
12171
17168
12188
16507
18746
5442
9321
4117
10390
15991
4628
18344
18170
3134
19405
17263
15014
10959
7601
2415
6483
8884
3627
2131
19142
19797
5495
898
10531
1407
10626
18810
7737
10896
2605
8395
11195
18721
7664
12146
14607
18384
14076
1936
12383
3305
15801
7655
16045
9553
8494
14353
12228
7855
3774
11932
6633
2775
16367
2534
19280
19509
18119
3121
19595
16146
15055
3618
10782
14885
2009
10876
19533
12729
17246
17365
16182
17495
18304
16049
9820
4240
3950
16515
19352
16169
4774
11773
15220
18660
13652
17423
1874
6919
1465
12580
9958
17899
10791
18933
12677
16674
9257
3720
1621
15206
19807
9161
6755
10522
11942
9219
12052
14720
11126
954
1587
7031
14982
18600
10793
18541
2410
339
6283
6921
6364
5320
14157
4718
3865
14870
14677
19597
11330
12905
13130
10
10914
8417
17578
13576
624
942
19899
19924
10666
7306
5465
9003
8769
9204
17550
13769
11828
7108
12480
12719
11861
17456
3685
11824
1383
7834
10161
2872
10473
8147
16848
1786
1260
3345
3951
14004
18272
8552
7284
9697
7789
3303
4462
11643
4349
10770
4486
15690
6359
18584
14997
7662
19910
10160
208
5957
9944
3605
15359
16089
12226
27
5483
777
993
8396
7349
16210
14043
5924
2243
19994
16004
8549
16597
10457
1821
1528
18678
7013
18710
14209
18990
9624
9940
18557
17108
13600
17614
19483
3553
17987
16017
19636
18624
6860
4996
1320
13121
17494
2501
7447
4460
4244
18226
3384
3539
4091
7300
8697
17729
15789
2742
2420
16910
11939
16451
18987
12116
16406
16685
2560
19132
7434
9914
6707
18961
11575
12633
7960
10647
7829
2467
19380
17524
11875
15804
19124
5868
10836
13752
7466
16043
4663
15514
15365
11259
4706
4440
19852
16533
10107
12923
16632
7636
994
16642
16715
15013
1053
9189
5808
19674
4449
11639
14895
6910
8539
4133
9869
16196
10073
14940
11870
19576
8279
15591
18569
1718
7241
9749
1783
17305
8738
6393
12406
12940
2687
7403
18224
6877
4115
18380
13539
880
19568
17191
5565
14447
17967
18066
18390
8446
6684
16212
15754
1580
18529
8608
15729
5542
15500
2528
15965
8518
12352
2445
17296
10442
5878
14138
5687
7551
10317
1969
12006
14363
17365
13077
16657
14857
5524
5543
14405
10527
13106
16644
5633
10476
10792
1930
17780
13262
4288
3035
9908
10208
12744
18043
3096
16432
14521
11476
2355
5390
19647
12089
3918
15200
15044
13319
18752
16082
14333
9382
14348
3979
18000
9775
14583
15067
1664
19273
14117
12241
17015
11372
2320
3881
11856
16230
13251
8067
7486
8059
537
5902
12988
19975
19565
18690
18705
8351
15869
18030
3103
8118
9760
7014
19849
15579
15201
16478
11199
15232
15512
9076
1319
501
10819
15367
1706
5139
18822
17638
4120
9333
8316
3620
10584
11872
8536
19015
3152
19107
11933
9695
7470
1337
19062
2772
3537
331
17363
2840
7703
13555
960
19963
15875
17788
10660
14365
18890
16069
10515
17567
59
4292
912
13426
7753
10407
995
19473
4758
3349
787
15531
19261
15955
18880
3672
14556
18531
3167
10701
16925
16135
8915
5322
1055
4291
15332
15920
16965
2465
1183
8624
15227
18158
266
17375
18465
14081
4130
19653
1910
8795
7379
5717
13057
15113
18643
983
7134
9895
12091
11073
12036
12096
5283
17796
2799
2576
11833
14819
2447
8778
6142
2654
3020
1845
6557
12
3476
18577
15465
10663
1219
7544
1682
15681
7022
11647
18499
19541
8108
4059
10747
5720
17057
10433
12037
12751
13032
18758
3223
3930
5180
13061
1380
2989
15331
1823
19838
4735
19160
14428
2155
12699
4019
11887
10819
7636
18199
2424
15908
4982
18488
18339
3537
919
2024
3566
18126
8493
3164
5640
432
14393
13951
4853
3109
6656
3219
8654
768
5819
14399
10021
15390
2436
7801
4134
13242
3249
12209
9017
10025
10717
19704
6979
2644
9569
18892
3501
10992
14402
14273
5628
15963
5284
6605
4095
8852
7933
13424
16744
16055
14308
11837
145
14421
19239
6058
18752
1932
16444
9168
19237
14888
2831
10367
17920
18901
9019
2
16319
10400
14324
5770
5669
6697
7840
9049
15335
10823
5446
4302
19247
3000
4990
15432
12579
14755
2952
4824
16641
18701
6521
9415
5953
3092
8369
4065
1052
11882
19943
2813
5514
8274
10565
747
2791
7792
11856
19577
1071
16240
18048
4769
8649
2391
9934
18706
12928
573
12267
1401
19020
10351
16813
17355
12176
10848
16004
12146
9532
6407
15403
2611
4594
18137
13978
6168
3558
12036
8537
18558
6878
5477
2223
18077
17913
10502
9463
10127
13036
8472
7508
3295
18983
3112
19067
12400
11671
2849
14831
11303
3396
15551
2027
17014
13114
12459
3831
4325
8581
12984
9981
3327
16470
11608
7446
6839
5667
4859
6174
6613
2922
11910
8454
11232
3477
6220
1608
8841
8537
18380
9044
6962
11768
6438
18537
18330
3751
13115
12000
13607
18378
11808
3362
13966
13148
1438
18618
8417
16298
16394
3557
18613
4671
4284
14822
4143
250
19310
19574
10123
17723
2643
8856
10537
17245
19697
8171
19605
11036
7996
5881
13360
4152
15089
14444
15232
11187
5227
5375
4145
564
17254
5778
17798
18894
7982
1784
10113
15226
16130
12587
13930
2752
1355
6623
18015
6293
10067
6804
17688
5598
8036
17509
8886
19923
18206
5789
5608
15359
6132
11305
794
7460
5827
7721
18330
9371
18544
1664
8360
14841
10301
13546
4377
10733
7592
3533
9704
7237
9600
6600
17050
11953
15781
7881
15116
14175
3323
667
13563
15941
10922
13692
16816
9310
14710
6060
6022
14987
342
11745
11641
13403
6450
15800
9485
4581
12030
16102
14840
5074
13901
4556
19917
11800
8980
2761
4070
13792
15677
5289
11757
905
16900
4923
18951
14470
19538
15073
12030
19714
6291
10016
14409
7172
17046
16855
11290
1581
16385
6061
11940
3998
18254
6563
11622
16279
4773
1928
5464
14682
18103
7691
2098
16302
7381
4427
1844
4192
14411
14539
7253
6371
14621
15137
13963
2520
10140
2349
10291
105
2820
9927
15902
13935
18549
10833
8633
7379
7948
5452
7575
10225
9278
7654
11453
2073
12305
10512
14377
752
4534
4142
1152
15603
13318
16232
2899
7291
11736
8318
781
16316
10333
1144
9916
17607
345
17915
10841
2896
5341
13271
16661
2761
2085
10429
98
10509
10379
4494
7132
17850
5447
11727
15858
15925
7044
17849
19957
18001
11903
7372
18620
1738
10750
10020
18576
3372
19883
8995
9371
19601
4300
7342
5704
9255
7457
17172
9879
2031
17977
9321
19392
514
15824
9937
12001
4526
17257
5559
15813
8350
100
477
8947
3512
637
19886
4048
4000
4321
5391
13106
9018
4461
7093
1699
19053
5637
4464
14158
16322
10509
13188
19977
7276
520
3064
9822
6305
17386
10375
19160
6406
7772
12628
1063
3754
236
2939
8976
3113
7438
18211
7091
2352
2772
12847
506
416
1157
18771
5724
9835
10684
16708
14795
18204
3520
7688
128
18259
3228
10285
6656
2158
11098
15894
17579
14307
1024
6767
18658
7561
11847
17313
9778
17207
8180
4449
12961
13732
12406
10947
4596
17838
7227
14253